4.467,30,134,65
B0,mixamorig_Hips,-1,0.8753404021263123,-0.10249277949333191,-0.4719066619873047,0,0.17168277502059937,0.9793983101844788,0.10524892061948776,0,0.4513084590435028,-0.17337718605995178,0.875029444694519,0,-0.7195189595222473,3.0116262435913086,-0.017469629645347595,1
B1,mixamorig_Spine,0,0.998335599899292,-0.009470220655202866,0.05654899775981903,0,0.015816405415534973,0.9934408664703369,-0.11320201307535172,0,-0.055105119943618774,0.11390677094459534,0.9919370412826538,0,0,0.25396400690078735,-0.03237000107765198,1
B2,mixamorig_Spine1,1,0.9926685690879822,0.052562177181243896,0.107631154358387,0,-0.05555164813995361,0.9981241226196289,0.024212969467043877,0,-0.1061205267906189,-0.030115455389022827,0.9937776327133179,0,0,0.29868799448013306,0,1
B3,mixamorig_Spine2,2,0.9926733374595642,0.05426871404051781,0.10672888904809952,0,-0.057102497667074203,0.9980673789978027,0.0229372326284647,0,-0.10524269938468933,-0.028966888785362244,0.9939059019088745,0,0,0.3413580060005188,0,1
B4,mixamorig_Neck,3,0.9991328120231628,0.04134694114327431,0.004176135174930096,0,-0.041430164128541946,0.9988572597503662,0.02314637415111065,0,-0.0032270424999296665,-0.023301422595977783,0.999710202217102,0,0,0.38402798771858215,0,1
B5,mixamorig_Head,4,0.9988144636154175,0.006674726493656635,-0.04818565770983696,0,-0.007240294478833675,0.9998927712440491,-0.011486677452921867,0,0.04809487611055374,0.011822826229035854,0.9987584948539734,0,0,0.2735860049724579,0.07133399695158005,1
B6,mixamorig_HeadTop_End,5,1,0,0,0,0,1,0,0,0,0,1,0,0,0.6150050163269043,0.16035400331020355,1
B7,mixamorig_LeftShoulder,3,-0.16482535004615784,-0.0027296817861497402,-0.9863188862800598,0,0.940226137638092,-0.30256977677345276,-0.15628550946712494,0,-0.2980039417743683,-0.9531229138374329,0.05243762210011482,0,0.1687449961900711,0.3247640132904053,-0.00877700001001358,1
B8,mixamorig_LeftArm,7,0.4761818051338196,0.8193672895431519,-0.31117871403694153,0,-0.37454065680503845,0.5102575421333313,0.7707924842834473,0,0.7950335741043091,-0.25112515687942505,0.5518743991851807,0,0,0.3599280118942261,0,1
B9,mixamorig_LeftForeArm,8,0.9999903440475464,0.0018644481897354126,-0.0039900001138448715,0,-0.0018634481821209192,0.9999983310699463,0.00024985161144286394,0,0.003990828990936279,-0.00024204679357353598,0.9999920129776001,0,0,0.6013069748878479,0,1
B10,mixamorig_LeftHand,9,0.9429829716682434,0.2976795434951782,-0.14880125224590302,0,-0.3306335508823395,0.7882446050643921,-0.5181400775909424,0,-0.036801982671022415,0.537851095199585,0.8417270183563232,0,0,0.849602997303009,0,1
B11,mixamorig_LeftHandThumb1,10,0.976347029209137,0.19372999668121338,0.09599299728870392,0,-0.21463899314403534,0.9218869805335999,0.32257500290870667,0,-0.026001999154686928,-0.335548996925354,0.9416639804840088,0,-0.05279500037431717,0.09127800166606903,0.06212799996137619,1
B12,mixamorig_LeftHandThumb2,11,0.9990890026092529,-0.0038109999150037766,0.04251199960708618,0,0.017278999090194702,0.9468520283699036,-0.32120582461357117,0,-0.03902899846434593,0.3216478228569031,0.946054995059967,0,-0.024000000208616257,0.09492400288581848,0,1
B13,mixamorig_LeftHandThumb3,12,0.9984599947929382,-0.053383998572826385,-0.015104999765753746,0,0.04931100085377693,0.9786919951438904,-0.19932499527931213,0,0.02542399987578392,0.19827300310134888,0.9798169732093811,0,0.009855999611318111,0.0950860008597374,0,1
B14,mixamorig_LeftHandThumb4,13,1,0,0,0,0,1,0,0,0,0,1,0,0.01414399966597557,0.07931099832057953,0,1
B15,mixamorig_LeftHandIndex1,10,0.9800440073013306,0.19849200546741486,0.010744829662144184,0,-0.19730499386787415,0.9779130220413208,-0.06897400319576263,0,-0.024197999387979507,0.06547799706459045,0.997560977935791,0,-0.12664400041103363,0.3513070046901703,-0.005888999905437231,1
B16,mixamorig_LeftHandIndex2,15,0.9977899789810181,-0.06637299805879593,-0.0032049999572336674,0,0.06637299805879593,0.9977949857711792,-0.000051341481594135985,0,0.003201170591637492,-0.00016065852832980454,0.9999949932098389,0,0.003988000098615885,0.0804079994559288,0,1
B17,mixamorig_LeftHandIndex3,16,0.9995399713516235,-0.030206000432372093,0.0027489999774843454,0,0.030206000432372093,0.9995440244674683,0.00013000000035390258,0,-0.0027520000003278255,-0.00004617074228008278,0.9999960064888,0,-0.0012400000123307109,0.07176800072193146,0,1
B18,mixamorig_LeftHandIndex4,17,1,0,0,0,0,1,0,0,0,0,1,0,-0.002747999969869852,0.05753299966454506,0,1
B19,mixamorig_LeftHandMiddle1,10,0.9757540225982666,0.21710999310016632,0.027703000232577324,0,-0.21473799645900726,0.9741119742393494,-0.07066182792186737,0,-0.04232700169086456,0.06299900263547897,0.9971160292625427,0,-0.04709799960255623,0.3131990134716034,-0.021685000509023666,1
B20,mixamorig_LeftHandMiddle2,19,0.9960970282554626,-0.08794199675321579,-0.007530999835580587,0,0.08794599771499634,0.9961249828338623,0.00012199999764561653,0,0.00749099999666214,-0.000783999974373728,0.9999719858169556,0,0.006471999920904636,0.09614399820566177,0,1
B21,mixamorig_LeftHandMiddle3,20,0.9991040229797363,-0.04184899851679802,0.006238999776542187,0,0.04184800013899803,0.9991239905357361,0.00038899999344721437,0,-0.0062489998526871204,-0.00012799999967683107,0.9999799728393555,0,-0.0017979999538511038,0.0878629982471466,0,1
B22,mixamorig_LeftHandMiddle4,21,1,0,0,0,0,1,0,0,0,0,1,0,-0.004674000199884176,0.07534299790859222,0,1
B23,mixamorig_LeftHandRing1,10,0.9739400148391724,0.2226720005273819,0.04311000183224678,0,-0.21929100155830383,0.9730250239372253,-0.07165499776601791,0,-0.057902827858924866,0.06033400073647499,0.9964969754219055,0,0.053560998290777206,0.31000399589538574,-0.01973400078713894,1
B24,mixamorig_LeftHandRing2,23,0.9940149784088135,-0.10900100320577621,-0.007325000129640102,0,0.1090020015835762,0.9940419793128967,-0.00027099999715574086,0,0.007311000023037195,-0.0005290000117383897,0.9999729990959167,0,0.005694999825209379,0.07868999987840652,0,1
B25,mixamorig_LeftHandRing3,24,0.9999099969863892,-0.013290000148117542,0.0015999999595806003,0,0.013290000148117542,0.9999120235443115,0.00007899999764049426,0,-0.0016009999671950936,-0.000058000001445179805,0.9999989867210388,0,-0.002727000042796135,0.07310999929904938,0,1
B26,mixamorig_LeftHandRing4,25,1,0,0,0,0,1,0,0,0,0,1,0,-0.002968000015243888,0.05969100072979927,0,1
B27,mixamorig_LeftHandPinky1,10,0.978600025177002,0.20561499893665314,0.008000999689102173,0,-0.2043219953775406,0.9755799770355225,-0.08060300350189209,0,-0.024379000067710876,0.07724382728338242,0.9967139959335327,0,0.12018100172281265,0.24155199527740479,-0.005954999942332506,1
B28,mixamorig_LeftHandPinky2,27,0.9926789999008179,-0.11915899813175201,-0.019728999584913254,0,0.11938100308179855,0.9927930235862732,0.010480829514563084,0,0.018338000401854515,-0.012759000062942505,0.999750018119812,0,0.007474999874830246,0.05850499868392944,0,1
B29,mixamorig_LeftHandPinky3,28,0.9997320175170898,-0.023163000121712685,0.00032900000223889947,0,0.023163000121712685,0.9997320175170898,0.000028000000384054147,0,-0.00033000000985339284,-0.000019999999494757503,1,0,-0.00356299988925457,0.057544998824596405,0,1
B30,mixamorig_LeftHandPinky4,29,1,0,0,0,0,1,0,0,0,0,1,0,-0.003911999985575676,0.045419998466968536,0,1
B31,mixamorig_RightShoulder,3,-0.37837454676628113,0.019242985174059868,0.9253442883491516,0,-0.8756424188613892,-0.33121412992477417,-0.3511222004890442,0,0.29968899488449097,-0.9433152079582214,0.1422886997461319,0,-0.1687449961900711,0.32445698976516724,-0.00636899983510375,1
B32,mixamorig_RightArm,31,0.9749000668525696,-0.21652372181415558,-0.019689319655299187,0,0.1672269105911255,0.6986870169639587,0.6930575966835022,0,-0.1377619504928589,-0.6784558892250061,0.7188347578048706,0,0,0.3599280118942261,0,1
B33,mixamorig_RightForeArm,32,0.918346643447876,-0.39532670378685,-0.006470877677202225,0,0.3950951397418976,0.9169437289237976,0.05285779386758804,0,-0.015004878863692284,-0.051097918301820755,0.9985781311988831,0,0,0.6011030077934265,0,1
B34,mixamorig_RightHand,33,0.9586700201034546,-0.27935823798179626,-0.05089263617992401,0,0.12487559020519257,0.573456883430481,-0.808785617351532,0,0.25511449575424194,0.7690029144287109,0.5846450924873352,0,0,0.8495529890060425,0,1
B35,mixamorig_RightHandThumb1,34,0.9625219702720642,-0.2602648138999939,-0.07624917477369308,0,0.27010101079940796,0.8946130275726318,0.355968177318573,0,-0.024431999772787094,-0.3632221817970276,0.9313820004463196,0,0.05129599943757057,0.09140300005674362,0.05844400078058243,1
B36,mixamorig_RightHandThumb2,35,0.9662619829177856,0.2074718326330185,-0.1526229977607727,0,-0.22343599796295166,0.9699770212173462,-0.09602200239896774,0,0.1281198412179947,0.12688399851322174,0.9836090207099915,0,0.020875999704003334,0.09370700269937515,0,1
B37,mixamorig_RightHandThumb3,36,0.990755021572113,0.10810600221157074,-0.08196499943733215,0,-0.11615300178527832,0.9881070256233215,-0.10076399892568588,0,0.07009699940681458,0.10935299843549728,0.9915279746055603,0,-0.009325000457465649,0.09642399847507477,0,1
B38,mixamorig_RightHandThumb4,37,1,0,0,0,0,1,0,0,0,0,1,0,-0.011552000418305397,0.07557400315999985,0,1
B39,mixamorig_RightHandIndex1,34,0.9834830164909363,-0.17928899824619293,-0.024816999211907387,0,0.17879700660705566,0.9836660027503967,-0.02079799957573414,0,0.028139999136328697,0.016016999259591103,0.9994760155677795,0,0.11814399808645248,0.3339110016822815,-0.010572000406682491,1
B40,mixamorig_RightHandIndex2,39,0.9984380006790161,0.055865999311208725,-0.00026500000967644155,0,-0.055865999311208725,0.9984380006790161,0.000007000000096013537,0,0.00026500000967644155,0.000007829257810954005,1,0,-0.0022040000185370445,0.08277600258588791,0,1
B41,mixamorig_RightHandIndex3,40,0.9994639754295349,-0.032715000212192535,0.0010720000136643648,0,0.032715000212192535,0.9994649887084961,0.000003999999989900971,0,-0.0010710000060498714,0.00003099999958067201,0.9999989867210388,0,0.00241800001822412,0.08175499737262726,0,1
B42,mixamorig_RightHandIndex4,41,1,0,0,0,0,1,0,0,0,0,1,0,-0.00021300000662449747,0.0590130016207695,0,1
B43,mixamorig_RightHandMiddle1,34,0.965041995048523,-0.26189300417900085,-0.01032899972051382,0,0.26163381338119507,0.96492999792099,-0.021414829418063164,0,0.015575000084936619,0.017963828518986702,0.9997169971466064,0,0.04696099832653999,0.3043360114097595,-0.006198999937623739,1
B44,mixamorig_RightHandMiddle2,43,0.9902470111846924,0.13714000582695007,0.024555999785661697,0,-0.13716599345207214,0.9905480146408081,-0.0006401707069016993,0,-0.024411171674728394,-0.0027346585411578417,0.9996979832649231,0,-0.009979000315070152,0.08927399665117264,0,1
B45,mixamorig_RightHandMiddle3,44,0.9976940155029297,0.0659688264131546,-0.015984000638127327,0,-0.06595300137996674,0.9978219866752625,0.001475999946705997,0,0.01604600064456463,-0.0004180000105407089,0.999871015548706,0,0.0024840000551193953,0.09581200033426285,0,1
B46,mixamorig_RightHandMiddle4,45,1,0,0,0,0,1,0,0,0,0,1,0,0.007495000027120113,0.08115900307893753,0,1
B47,mixamorig_RightHandRing1,34,0.9711899757385254,-0.23512999713420868,-0.03877300024032593,0,0.23435799777507782,0.9718679785728455,-0.023444000631570816,0,0.0431939996778965,0.01368200033903122,0.99897301197052,0,-0.04675700142979622,0.27767500281333923,-0.015675000846385956,1
B48,mixamorig_RightHandRing2,47,0.9939249753952026,0.10915499925613403,0.014046000316739082,0,-0.10916099697351456,0.9940239787101746,-0.00036417075898498297,0,-0.014001999981701374,-0.0011709999525919557,0.9999009966850281,0,-0.007189999800175428,0.08614800125360489,0,1
B49,mixamorig_RightHandRing3,48,0.9988740086555481,0.04645200073719025,-0.009618000127375126,0,-0.04644700139760971,0.9989207983016968,0.0006980000180192292,0,0.009639999829232693,-0.000250170734943822,0.9999538064002991,0,0.0021269998978823423,0.0809440016746521,0,1
B50,mixamorig_RightHandRing4,49,1,0,0,0,0,1,0,0,0,0,1,0,0.00506300013512373,0.07030799984931946,0,1
B51,mixamorig_RightHandPinky1,34,0.9666190147399902,-0.2511720061302185,-0.050606999546289444,0,0.25017300248146057,0.9678710103034973,-0.025299999862909317,0,0.05533599853515625,0.011794829741120338,0.9983980059623718,0,-0.11834800243377686,0.22746500372886658,-0.010931000113487244,1
B52,mixamorig_RightHandPinky2,51,0.9880210161209106,0.15374000370502472,0.013363000005483627,0,-0.15374399721622467,0.9881100058555603,-0.0007291707443073392,0,-0.013315999880433083,-0.0013338292483240366,0.9999099969863892,0,-0.007071000058203936,0.07086300104856491,0,1
B53,mixamorig_RightHandPinky3,52,0.9997779726982117,0.020594000816345215,-0.004519999958574772,0,-0.02059200033545494,0.9997879862785339,0.00033999999868683517,0,0.004526000004261732,-0.0002469999890308827,0.9999899864196777,0,0.0031620000954717398,0.0586090013384819,0,1
B54,mixamorig_RightHandPinky4,53,1,0,0,0,0,1,0,0,0,0,1,0,0.0039090001955628395,0.051771000027656555,0,1
B55,mixamorig_LeftUpLeg,0,-0.9673407673835754,-0.1145433783531189,0.22542095184326172,0,0.23422513902187347,-0.7402141690254211,0.628937304019928,0,0.09548147022724152,0.6614760160446167,0.7429608106613159,0,0.2544409930706024,-0.14100100100040436,-0.04461799934506416,1
B56,mixamorig_LeftLeg,55,0.9825628995895386,0.18099011480808258,0.04158372804522514,0,-0.05818617343902588,0.509576678276062,-0.8532176613807678,0,-0.176367849111557,0.8358557820320129,0.5111925005912781,0,0,1.3694629669189453,0,1
B57,mixamorig_LeftFoot,56,0.7120770215988159,0.3194887340068817,0.6245893239974976,0,-0.6903403997421265,0.4780040979385376,0.5422059893608093,0,-0.12488815188407898,-0.8177807927131653,0.5614157319068909,0,0,1.4008009433746338,0,1
B58,mixamorig_LeftToeBase,57,0.9772440791130066,-0.022793374955654144,0.21088683605194092,0,-0.11597828567028046,0.7750204205513,0.6212000250816345,0,-0.17760075628757477,-0.631522536277771,0.7547410130500793,0,0,0.40193799138069153,0,1
B59,mixamorig_LeftToe_End,58,1,0,0,0,0,1,0,0,0,0,1,0,0,0.16516700387001038,0,1
B60,mixamorig_RightUpLeg,0,-0.8832972645759583,-0.013486725278198719,0.46860119700431824,0,0.14217299222946167,-0.9597318768501282,0.2402907907962799,0,0.4463897943496704,0.2788770794868469,0.8497152924537659,0,-0.2544409930706024,-0.14100100100040436,-0.04619099944829941,1
B61,mixamorig_RightLeg,60,0.9962325096130371,-0.05551072210073471,0.06641663610935211,0,0.08014794439077377,0.8794966340065002,-0.46852558851242065,0,-0.03232539817690849,0.47207197546958923,0.8806549310684204,0,0,1.3694759607315063,0,1
B62,mixamorig_RightFoot,61,0.91111820936203,0.03073057159781456,-0.41079166531562805,0,0.3807235658168793,0.3190217912197113,0.8675549030303955,0,0.15782664716243744,-0.9468393325805664,0.2789735198020935,0,0,1.4017000198364258,0,1
B63,mixamorig_RightToeBase,62,0.9635902643203735,0.04399760812520981,-0.2634585201740265,0,0.14093466103076935,0.7546083927154541,0.6405223608016968,0,0.22699758410453796,-0.654327929019928,0.720933735370636,0,0,0.41566601395606995,0,1
B64,mixamorig_RightToe_End,63,1,0,0,0,0,1,0,0,0,0,1,0,0,0.169063001871109,0,1
@52,0,1,2,3,4,5,7,8,9,10,11,12,13,15,16,17,19,20,21,23,24,25,27,28,29,31,32,33,34,35,36,37,39,40,41,43,44,45,47,48,49,51,52,53,55,56,57,58,60,61,62,63
K0.000,0.9766079783439636,-0.14972400665283203,-0.15433700382709503,0,0.1843550056219101,0.952455997467041,0.24257099628448486,0,0.11068099737167358,-0.26534900069236755,0.9577779769897461,0,-0.6122570037841797,2.9057810306549072,-0.08156300336122513,1,0.993831992149353,0.09500499814748764,0.05719500035047531,0,-0.0870869979262352,0.9879649877548218,-0.12782999873161316,0,-0.0686509981751442,0.12206000089645386,0.9901459813117981,0,0,0.25396400690078735,-0.03237000107765198,1,0.9773790240287781,0.14298300445079803,0.15584200620651245,0,-0.1430629938840866,0.9896550178527832,-0.01076200045645237,0,-0.1557680070400238,-0.011776999570429325,0.9877229928970337,0,0,0.29868799448013306,0,1,0.9774029850959778,0.14240899682044983,0.1562120020389557,0,-0.14286300539970398,0.9897069931030273,-0.008375000208616257,0,-0.15579700469970703,-0.014131000265479088,0.9876880049705505,0,0,0.3413580060005188,0,1,0.9984229803085327,-0.01424499973654747,-0.054294999688863754,0,0.01893400028347969,0.9960430264472961,0.08683300018310547,0,0.05284300073981285,-0.0877240002155304,0.9947419762611389,0,0,0.38402798771858215,0,1,0.9670770168304443,-0.06872200220823288,-0.24502800405025482,0,0.09689100086688995,0.9897609949111938,0.10481400042772293,0,0.23531599342823029,-0.12510399520397186,0.9638339877128601,0,0,0.2735860049724579,0.07133399695158005,1,-0.03763199970126152,0.020826000720262527,-0.9990749955177307,0,0.9448860287666321,-0.3246470093727112,-0.042357999831438065,0,-0.3252280056476593,-0.945605993270874,-0.007460999768227339,0,0.1687449961900711,0.3247640132904053,-0.00877700001001358,1,-0.02515999972820282,0.99863201379776,0.04583499953150749,0,-0.853272020816803,-0.04534199833869934,0.5194910168647766,0,0.5208579897880554,-0.0260390006005764,0.8532459735870361,0,0,0.3599280118942261,0,1,0.42371800541877747,0.9028069972991943,0.0735040009021759,0,-0.9023299813270569,0.41361498832702637,0.1213420033454895,0,0.07914599776268005,-0.11773999780416489,0.9898859858512878,0,0,0.6013069748878479,0,1,0.9005799889564514,0.18291600048542023,-0.39433199167251587,0,-0.2785399854183197,0.9392759799957275,-0.20043699443340302,0,0.3337230086326599,0.29034700989723206,0.8968430161476135,0,0,0.849602997303009,0,1,0.976347029209137,0.19372999668121338,0.09599299728870392,0,-0.21463899314403534,0.9218869805335999,0.32257500290870667,0,-0.026001999154686928,-0.335548996925354,0.9416639804840088,0,-0.05279500037431717,0.09127800166606903,0.06212799996137619,1,0.9990890026092529,-0.0038109999150037766,0.04251199960708618,0,0.017278999090194702,0.9468520283699036,-0.3212049901485443,0,-0.03902899846434593,0.3216469883918762,0.946054995059967,0,-0.024000000208616257,0.09492400288581848,0,1,0.9984599947929382,-0.0533830001950264,-0.015104999765753746,0,0.04931100085377693,0.9786919951438904,-0.19932499527931213,0,0.02542399987578392,0.19827300310134888,0.9798169732093811,0,0.009855999611318111,0.0950860008597374,0,1,0.9800440073013306,0.19849200546741486,0.010743999853730202,0,-0.19730499386787415,0.9779130220413208,-0.06897400319576263,0,-0.024197999387979507,0.06547799706459045,0.997560977935791,0,-0.12664400041103363,0.3513070046901703,-0.005888999905437231,1,0.9977899789810181,-0.06637299805879593,-0.0032049999572336674,0,0.06637299805879593,0.9977949857711792,-0.000052999999752501026,0,0.0032019999343901873,-0.00015900000289548188,0.9999949932098389,0,0.003988000098615885,0.0804079994559288,0,1,0.9995399713516235,-0.030206000432372093,0.0027489999774843454,0,0.030206000432372093,0.9995440244674683,0.00013000000035390258,0,-0.0027520000003278255,-0.0000470000013592653,0.9999960064888,0,-0.0012400000123307109,0.07176800072193146,0,1,0.9757540225982666,0.21710999310016632,0.027703000232577324,0,-0.21473799645900726,0.9741119742393494,-0.07066100090742111,0,-0.04232700169086456,0.06299900263547897,0.9971160292625427,0,-0.04709799960255623,0.3131990134716034,-0.021685000509023666,1,0.9960970282554626,-0.08794199675321579,-0.007530999835580587,0,0.08794599771499634,0.9961249828338623,0.00012199999764561653,0,0.00749099999666214,-0.000783999974373728,0.9999719858169556,0,0.006471999920904636,0.09614399820566177,0,1,0.9991040229797363,-0.04184899851679802,0.006238999776542187,0,0.04184800013899803,0.9991239905357361,0.00038899999344721437,0,-0.0062489998526871204,-0.00012799999967683107,0.9999799728393555,0,-0.0017979999538511038,0.0878629982471466,0,1,0.9739400148391724,0.2226720005273819,0.04311000183224678,0,-0.21929100155830383,0.9730250239372253,-0.07165499776601791,0,-0.05790200084447861,0.06033400073647499,0.9964969754219055,0,0.053560998290777206,0.31000399589538574,-0.01973400078713894,1,0.9940149784088135,-0.10900100320577621,-0.007325000129640102,0,0.1090020015835762,0.9940419793128967,-0.0002690000110305846,0,0.007311000023037195,-0.0005310000269673765,0.9999729990959167,0,0.005694999825209379,0.07868999987840652,0,1,0.9999099969863892,-0.013290000148117542,0.0015999999595806003,0,0.013290000148117542,0.9999120235443115,0.00007999999797903001,0,-0.0016009999671950936,-0.000058000001445179805,0.9999989867210388,0,-0.002727000042796135,0.07310999929904938,0,1,0.978600025177002,0.20561499893665314,0.008000999689102173,0,-0.2043209969997406,0.9755799770355225,-0.08060300350189209,0,-0.024379000067710876,0.07724399864673615,0.9967139959335327,0,0.12018100172281265,0.24155199527740479,-0.005954999942332506,1,0.9926789999008179,-0.11915899813175201,-0.019728999584913254,0,0.11938100308179855,0.9927930235862732,0.010480999946594238,0,0.018338000401854515,-0.012759000062942505,0.999750018119812,0,0.007474999874830246,0.05850499868392944,0,1,0.9997320175170898,-0.02316400036215782,0.00032900000223889947,0,0.02316400036215782,0.9997320175170898,0.000028000000384054147,0,-0.00033000000985339284,-0.000019999999494757503,1,0,-0.00356299988925457,0.057544998824596405,0,1,-0.17088499665260315,0.011621999554336071,0.9852219820022583,0,-0.9577429890632629,-0.23675599694252014,-0.16332599520683289,0,0.23135900497436523,-0.9714999794960022,0.0515890009701252,0,-0.1687449961900711,0.32445698976516724,-0.00636899983510375,1,0.7613019943237305,-0.38352999091148376,0.522803008556366,0,-0.263621985912323,0.5535640120506287,0.7899810075759888,0,-0.5923870205879211,-0.7392370104789734,0.32032299041748047,0,0,0.3599280118942261,0,1,0.9763669967651367,-0.21611300110816956,0.0012919999426230788,0,0.21598699688911438,0.9759690165519714,0.028896000236272812,0,-0.007505000103265047,-0.0279339998960495,0.9995819926261902,0,0,0.6011030077934265,0,1,0.9114300012588501,-0.14820100367069244,-0.3838379979133606,0,-0.0682080015540123,0.8655509948730469,-0.4961549937725067,0,0.4057619869709015,0.47839200496673584,0.7787799835205078,0,0,0.8495529890060425,0,1,0.9625219702720642,-0.26026400923728943,-0.07625000178813934,0,0.27010101079940796,0.8946130275726318,0.35596799850463867,0,-0.024431999772787094,-0.36322200298309326,0.9313820004463196,0,0.05129599943757057,0.09140300005674362,0.05844400078058243,1,0.9662619829177856,0.20747099816799164,-0.1526239961385727,0,-0.22343599796295166,0.9699770212173462,-0.09602200239896774,0,0.12812000513076782,0.12688399851322174,0.9836090207099915,0,0.020875999704003334,0.09370700269937515,0,1,0.990755021572113,0.10810499638319016,-0.08196499943733215,0,-0.11615300178527832,0.9881070256233215,-0.10076399892568588,0,0.07009699940681458,0.10935299843549728,0.9915279746055603,0,-0.009325000457465649,0.09642399847507477,0,1,0.9834830164909363,-0.17928899824619293,-0.024816999211907387,0,0.17879700660705566,0.9836660027503967,-0.02079799957573414,0,0.028139999136328697,0.016016999259591103,0.9994760155677795,0,0.11814399808645248,0.3339110016822815,-0.010572000406682491,1,0.9984380006790161,0.055865999311208725,-0.00026599998818710446,0,-0.055865999311208725,0.9984380006790161,0.000007000000096013537,0,0.00026599998818710446,0.000007999999979801942,1,0,-0.0022040000185370445,0.08277600258588791,0,1,0.9994639754295349,-0.03271599858999252,0.0010710000060498714,0,0.03271599858999252,0.9994649887084961,0.000003999999989900971,0,-0.0010710000060498714,0.00003099999958067201,0.9999989867210388,0,0.00241800001822412,0.08175499737262726,0,1,0.965041995048523,-0.26189300417900085,-0.01032899972051382,0,0.2616339921951294,0.96492999792099,-0.021415000781416893,0,0.015575000084936619,0.01796399988234043,0.9997169971466064,0,0.04696099832653999,0.3043360114097595,-0.006198999937623739,1,0.9902470111846924,0.13714000582695007,0.024555999785661697,0,-0.13716599345207214,0.9905480146408081,-0.0006409999914467335,0,-0.0244120005518198,-0.002733000088483095,0.9996979832649231,0,-0.009979000315070152,0.08927399665117264,0,1,0.9976940155029297,0.06596899777650833,-0.015984000638127327,0,-0.06595300137996674,0.9978219866752625,0.001475999946705997,0,0.01604600064456463,-0.0004180000105407089,0.999871015548706,0,0.0024840000551193953,0.09581200033426285,0,1,0.9711899757385254,-0.23512999713420868,-0.03877300024032593,0,0.23435799777507782,0.9718679785728455,-0.023444000631570816,0,0.043195001780986786,0.01368200033903122,0.99897301197052,0,-0.04675700142979622,0.27767500281333923,-0.015675000846385956,1,0.9939249753952026,0.10915599763393402,0.014046000316739082,0,-0.10916099697351456,0.9940239787101746,-0.00036299999919719994,0,-0.014001999981701374,-0.001171999960206449,0.9999009966850281,0,-0.007189999800175428,0.08614800125360489,0,1,0.9988740086555481,0.04645200073719025,-0.009618000127375126,0,-0.04644700139760971,0.9989209771156311,0.0006980000180192292,0,0.009639999829232693,-0.0002500000118743628,0.9999539852142334,0,0.0021269998978823423,0.0809440016746521,0,1,0.9666190147399902,-0.2511720061302185,-0.050606999546289444,0,0.25017300248146057,0.9678710103034973,-0.025299999862909317,0,0.05533599853515625,0.011795000173151493,0.9983980059623718,0,-0.11834800243377686,0.22746500372886658,-0.010931000113487244,1,0.9880210161209106,0.15374000370502472,0.013363000005483627,0,-0.15374399721622467,0.9881100058555603,-0.0007300000288523734,0,-0.013315999880433083,-0.0013330000219866633,0.9999099969863892,0,-0.007071000058203936,0.07086300104856491,0,1,0.9997779726982117,0.020594000816345215,-0.004519999958574772,0,-0.02059200033545494,0.9997879862785339,0.00033999999868683517,0,0.004526000004261732,-0.0002469999890308827,0.9999899864196777,0,0.0031620000954717398,0.0586090013384819,0,1,-0.9740189909934998,0.18323500454425812,0.13308300077915192,0,-0.16200900077819824,-0.974399983882904,0.15587599575519562,0,0.1582379937171936,0.1302659958600998,0.9787700176239014,0,0.2544409930706024,-0.14100100100040436,-0.04461799934506416,1,0.9814919829368591,-0.004559999797493219,0.19144600629806519,0,0.08950799703598022,0.8947169780731201,-0.43757200241088867,0,-0.16929499804973602,0.4466100037097931,0.8785660266876221,0,0,1.3694629669189453,0,1,0.7177489995956421,0.0524820014834404,0.6943209767341614,0,-0.5645599961280823,0.6275249719619751,0.5361760258674622,0,-0.40756499767303467,-0.7768250107765198,0.4800350069999695,0,0,1.4008009433746338,0,1,0.8936799764633179,-0.25252801179885864,0.37089699506759644,0,-0.2566699981689453,0.3903000056743622,0.8841869831085205,0,-0.3680439889431,-0.8853790163993835,0.28398698568344116,0,0,0.40193799138069153,0,1,-0.9915390014648438,-0.05687199905514717,-0.11668899655342102,0,-0.026163000613451004,-0.7929149866104126,0.6087700128555298,0,-0.12714700400829315,0.6066719889640808,0.7847179770469666,0,-0.2544409930706024,-0.14100100100040436,-0.04619099944829941,1,0.9959869980812073,-0.05196300148963928,-0.07287299633026123,0,-0.00900300033390522,0.751908004283905,-0.6592069864273071,0,0.08904899656772614,0.6572170257568359,0.7484220266342163,0,0,1.3694759607315063,0,1,0.843949019908905,0.1193230003118515,-0.5229840278625488,0,0.42780300974845886,0.43847399950027466,0.790395975112915,0,0.3236269950866699,-0.8907870054244995,0.31900298595428467,0,0,1.4017000198364258,0,1,0.9758570194244385,0.0049230000004172325,-0.2183530032634735,0,0.12128499895334244,0.8192160129547119,0.560513973236084,0,0.18163800239562988,-0.5734649896621704,0.7988409996032715,0,0,0.41566601395606995,0,1
K0.033,0.9741539359092712,-0.14635685086250305,-0.17205436527729034,0,0.18827995657920837,0.9469320774078369,0.2605198919773102,0,0.12479541450738907,-0.28618094325065613,0.9500139355659485,0,-0.6017258763313293,2.914863109588623,-0.07250383496284485,1,0.9933459758758545,0.09408286213874817,0.06642913073301315,0,-0.08413184434175491,0.9866639971733093,-0.13934403657913208,0,-0.07865311205387115,0.132828027009964,0.9880130290985107,0,0,0.25396400690078735,-0.03237000107765198,1,0.9734989404678345,0.1443178951740265,0.1774032562971115,0,-0.1402468979358673,0.9894850254058838,-0.03534704074263573,0,-0.18063925206661224,0.009530026465654373,0.9835029244422913,0,0,0.29868799448013306,0,1,0.973461925983429,0.14305289089679718,0.17862725257873535,0,-0.13941287994384766,0.9896900057792664,-0.032834045588970184,0,-0.1814822554588318,0.007060028612613678,0.9833689332008362,0,0,0.3413580060005188,0,1,0.9976850152015686,-0.013207943178713322,-0.06670504808425903,0,0.020056946203112602,0.9944720268249512,0.10307097434997559,0,0.06497405469417572,-0.10417097806930542,0.9924349784851074,0,0,0.38402798771858215,0,1,0.9516369700431824,-0.05875091627240181,-0.30155426263809204,0,0.09034192562103271,0.9916620254516602,0.0918969213962555,0,0.2936412990093231,-0.11469592154026031,0.9490099549293518,0,0,0.2735860049724579,0.07133399695158005,1,-0.06762044131755829,0.015118922106921673,-0.9975969195365906,0,0.9369748830795288,-0.34257620573043823,-0.06870338320732117,0,-0.34279221296310425,-0.939367949962616,0.008999248966574669,0,0.1687449961900711,0.3247640132904053,-0.00877700001001358,1,-0.038391608744859695,0.9982730150222778,-0.04446812719106674,0,-0.7446234226226807,0.0010964525863528252,0.667483389377594,0,0.6663793921470642,0.05873774364590645,0.743295431137085,0,0,0.3599280118942261,0,1,0.5433617234230042,0.8375325798988342,0.057414766401052475,0,-0.8370895981788635,0.5353577733039856,0.11256880313158035,0,0.06354176998138428,-0.10922681540250778,0.9919840693473816,0,0,0.6013069748878479,0,1,0.9796620607376099,0.023139145225286484,-0.19931407272815704,0,-0.1386493295431137,0.7961003184318542,-0.5890666842460632,0,0.14504317939281464,0.6047216057777405,0.7831176519393921,0,0,0.849602997303009,0,1,0.976347029209137,0.19372999668121338,0.09599299728870392,0,-0.21463899314403534,0.9218869805335999,0.32257500290870667,0,-0.026001999154686928,-0.335548996925354,0.9416639804840088,0,-0.05279500037431717,0.09127800166606903,0.06212799996137619,1,0.9990890026092529,-0.0038109999150037766,0.04251300171017647,0,0.01727999933063984,0.9468520283699036,-0.3212060034275055,0,-0.03902899846434593,0.3216480016708374,0.946054995059967,0,-0.024000000208616257,0.09492400288581848,0,1,0.9984599947929382,-0.053383998572826385,-0.015104999765753746,0,0.04931100085377693,0.9786919951438904,-0.19932499527931213,0,0.02542399987578392,0.19827300310134888,0.9798169732093811,0,0.009855999611318111,0.0950860008597374,0,1,0.9800440073013306,0.19849200546741486,0.010745000094175339,0,-0.19730399549007416,0.9779130220413208,-0.06897400319576263,0,-0.024197999387979507,0.06547799706459045,0.997560977935791,0,-0.12664400041103363,0.3513070046901703,-0.005888999905437231,1,0.9977899789810181,-0.06637199968099594,-0.0032049999572336674,0,0.06637299805879593,0.9977949857711792,-0.000052999999752501026,0,0.0032019999343901873,-0.0001599999814061448,0.9999949932098389,0,0.003988000098615885,0.0804079994559288,0,1,0.9995399713516235,-0.030206000432372093,0.0027489999774843454,0,0.030206000432372093,0.9995440244674683,0.00013000000035390258,0,-0.0027520000003278255,-0.0000470000013592653,0.9999960064888,0,-0.0012400000123307109,0.07176800072193146,0,1,0.9757540225982666,0.21710999310016632,0.027703000232577324,0,-0.21473799645900726,0.9741119742393494,-0.07066100090742111,0,-0.04232700169086456,0.06299900263547897,0.9971160292625427,0,-0.04709799960255623,0.3131990134716034,-0.021685000509023666,1,0.9960970282554626,-0.08794199675321579,-0.007530999835580587,0,0.08794599771499634,0.9961249828338623,0.00012199999764561653,0,0.00749099999666214,-0.000783999974373728,0.9999719858169556,0,0.006471999920904636,0.09614399820566177,0,1,0.9991040229797363,-0.04184899851679802,0.006238999776542187,0,0.04184800013899803,0.9991239905357361,0.00038899999344721437,0,-0.0062489998526871204,-0.00012799999967683107,0.9999799728393555,0,-0.0017979999538511038,0.0878629982471466,0,1,0.9739400148391724,0.2226720005273819,0.04311000183224678,0,-0.21929100155830383,0.9730250239372253,-0.07165499776601791,0,-0.057902999222278595,0.06033400073647499,0.9964969754219055,0,0.053560998290777206,0.31000399589538574,-0.01973400078713894,1,0.9940149784088135,-0.10900100320577621,-0.007325000129640102,0,0.1090020015835762,0.9940419793128967,-0.00026900004013441503,0,0.007311000023037195,-0.0005310000269673765,0.9999729990959167,0,0.005694999825209379,0.07868999987840652,0,1,0.9999099969863892,-0.013288999907672405,0.0015999999595806003,0,0.013288999907672405,0.9999120235443115,0.0000799999907030724,0,-0.0016009999671950936,-0.000058000001445179805,0.9999989867210388,0,-0.002727000042796135,0.07310999929904938,0,1,0.978600025177002,0.20561499893665314,0.008000999689102173,0,-0.2043219953775406,0.9755799770355225,-0.08060300350189209,0,-0.024379000067710876,0.07724399864673615,0.9967139959335327,0,0.12018100172281265,0.24155199527740479,-0.005954999942332506,1,0.9926789999008179,-0.11915899813175201,-0.019728999584913254,0,0.11938100308179855,0.9927930235862732,0.010480999946594238,0,0.018338000401854515,-0.012759000062942505,0.999750018119812,0,0.007474999874830246,0.05850499868392944,0,1,0.9997320175170898,-0.02316400036215782,0.00032900000223889947,0,0.02316400036215782,0.9997320175170898,0.000028000000384054147,0,-0.00033000000985339284,-0.000019999999494757503,1,0,-0.00356299988925457,0.057544998824596405,0,1,-0.16795507073402405,0.010843000374734402,0.9857349991798401,0,-0.9574169516563416,-0.23998907208442688,-0.16049107909202576,0,0.23482507467269897,-0.9707149863243103,0.05068802833557129,0,-0.1687449961900711,0.32445698976516724,-0.00636899983510375,1,0.7908564805984497,-0.3211528956890106,0.5209672451019287,0,-0.2558003067970276,0.5998640656471252,0.7581090927124023,0,-0.555978536605835,-0.7328190207481384,0.3922545909881592,0,0,0.3599280118942261,0,1,0.951933741569519,-0.306296706199646,-0.001977034844458103,0,0.3061167299747467,0.9511127471923828,0.0409540981054306,0,-0.010663033463060856,-0.03959009423851967,0.9991589784622192,0,0,0.6011030077934265,0,1,0.8280573487281799,-0.3795842230319977,-0.41259700059890747,0,0.06631296873092651,0.7970816493034363,-0.6002203226089478,0,0.5567077398300171,0.46965640783309937,0.6852007508277893,0,0,0.8495529890060425,0,1,0.9625219702720642,-0.26026400923728943,-0.07624900341033936,0,0.27010101079940796,0.8946130275726318,0.35596799850463867,0,-0.024431999772787094,-0.36322200298309326,0.9313820004463196,0,0.05129599943757057,0.09140300005674362,0.05844400078058243,1,0.9662619829177856,0.20747199654579163,-0.1526239961385727,0,-0.22343599796295166,0.9699770212173462,-0.09602099657058716,0,0.12812000513076782,0.12688399851322174,0.9836090207099915,0,0.020875999704003334,0.09370700269937515,0,1,0.990755021572113,0.10810499638319016,-0.08196499943733215,0,-0.11615300178527832,0.9881070256233215,-0.10076399892568588,0,0.07009699940681458,0.10935299843549728,0.9915279746055603,0,-0.009325000457465649,0.09642399847507477,0,1,0.9834830164909363,-0.17928899824619293,-0.024816999211907387,0,0.17879700660705566,0.9836660027503967,-0.02079799957573414,0,0.028139999136328697,0.016016999259591103,0.9994760155677795,0,0.11814399808645248,0.3339110016822815,-0.010572000406682491,1,0.9984380006790161,0.055865999311208725,-0.00026599998818710446,0,-0.055865999311208725,0.9984380006790161,0.000007000000096013537,0,0.00026599998818710446,0.000007000010100455256,1,0,-0.0022040000185370445,0.08277600258588791,0,1,0.9994639754295349,-0.03271599858999252,0.0010720000136643648,0,0.03271599858999252,0.9994649887084961,0.000003999999989900971,0,-0.0010710000060498714,0.00003099999958067201,0.9999989867210388,0,0.00241800001822412,0.08175499737262726,0,1,0.965041995048523,-0.26189300417900085,-0.01032899972051382,0,0.2616330087184906,0.96492999792099,-0.021415000781416893,0,0.015575000084936619,0.01796399988234043,0.9997169971466064,0,0.04696099832653999,0.3043360114097595,-0.006198999937623739,1,0.9902470111846924,0.13714000582695007,0.024555999785661697,0,-0.13716599345207214,0.9905480146408081,-0.0006409999914467335,0,-0.0244120005518198,-0.002733000088483095,0.9996979832649231,0,-0.009979000315070152,0.08927399665117264,0,1,0.9976940155029297,0.06596799939870834,-0.015984000638127327,0,-0.06595300137996674,0.9978219866752625,0.001475999946705997,0,0.01604600064456463,-0.0004180000105407089,0.999871015548706,0,0.0024840000551193953,0.09581200033426285,0,1,0.9711899757385254,-0.23512999713420868,-0.03877300024032593,0,0.23435799777507782,0.9718679785728455,-0.023444000631570816,0,0.0431939996778965,0.01368200033903122,0.99897301197052,0,-0.04675700142979622,0.27767500281333923,-0.015675000846385956,1,0.9939249753952026,0.10915499925613403,0.014046000316739082,0,-0.10916099697351456,0.9940239787101746,-0.0003650000144261867,0,-0.014001999981701374,-0.0011709999525919557,0.9999009966850281,0,-0.007189999800175428,0.08614800125360489,0,1,0.9988740086555481,0.04645200073719025,-0.009618000127375126,0,-0.04644700139760971,0.9989209771156311,0.0006980000180192292,0,0.009639999829232693,-0.0002500000118743628,0.9999529719352722,0,0.0021269998978823423,0.0809440016746521,0,1,0.9666190147399902,-0.2511720061302185,-0.050606999546289444,0,0.25017300248146057,0.9678710103034973,-0.025299999862909317,0,0.05533599853515625,0.011793999932706356,0.9983980059623718,0,-0.11834800243377686,0.22746500372886658,-0.010931000113487244,1,0.9880210161209106,0.15374000370502472,0.013363000005483627,0,-0.15374499559402466,0.9881100058555603,-0.0007300000288523734,0,-0.013315999880433083,-0.0013330000219866633,0.9999099969863892,0,-0.007071000058203936,0.07086300104856491,0,1,0.9997779726982117,0.020594000816345215,-0.004519999958574772,0,-0.02059200033545494,0.9997879862785339,0.00033999999868683517,0,0.004526000004261732,-0.0002469999890308827,0.9999899864196777,0,0.0031620000954717398,0.0586090013384819,0,1,-0.9733960032463074,0.1757497787475586,0.1470073014497757,0,-0.13548344373703003,-0.9589046835899353,0.24929217994213104,0,0.1847793608903885,0.2227431982755661,0.957205593585968,0,0.2544409930706024,-0.14100100100040436,-0.04461799934506416,1,0.979665994644165,0.005561424884945154,0.2005569487810135,0,0.11008308082818985,0.8208152651786804,-0.5604848861694336,0,-0.1677369624376297,0.5711658596992493,0.8035122752189636,0,0,1.3694629669189453,0,1,0.7981085777282715,0.1303238421678543,0.5882497429847717,0,-0.48540350794792175,0.7174707055091858,0.49961933493614197,0,-0.3569401800632477,-0.6842889189720154,0.635879397392273,0,0,1.4008009433746338,0,1,0.873883068561554,-0.29877984523773193,0.383482962846756,0,-0.2898259162902832,0.3131142258644104,0.9044119119644165,0,-0.3902939260005951,-0.9014929533004761,0.18703128397464752,0,0,0.40193799138069153,0,1,-0.9979989528656006,-0.051173243671655655,0.03713631257414818,0,0.06320037692785263,-0.7899632453918457,0.6098876595497131,0,-0.0018738543149083853,0.6110146641731262,0.791617214679718,0,-0.2544409930706024,-0.14100100100040436,-0.04619099944829941,1,0.9969559907913208,-0.036187149584293365,-0.06905713677406311,0,-0.020176002755761147,0.7358288764953613,-0.6768661141395569,0,0.07530820369720459,0.6761991381645203,0.7328599095344543,0,0,1.3694759607315063,0,1,0.8937001824378967,0.0744066908955574,-0.44245269894599915,0,0.3882209360599518,0.3661034405231476,0.8457262516021729,0,0.2249114066362381,-0.9275952577590942,0.2982996702194214,0,0,1.4017000198364258,0,1,0.9710000157356262,0.020904088392853737,-0.23816610872745514,0,0.1290130466222763,0.7928708791732788,0.5955761671066284,0,0.20128510892391205,-0.6090312004089355,0.7671808004379272,0,0,0.41566601395606995,0,1
