9.167,30,275,65
B0,mixamorig_Hips,-1,0.9393802881240845,-0.1364765167236328,-0.3145263195037842,0,0.23286359012126923,0.9272822141647339,0.2931251525878906,0,0.25164932012557983,-0.3485986292362213,0.9028511047363281,0,23.98024559020996,249.2037353515625,83.09337615966797,1
B1,mixamorig_Spine,0,0.9983457326889038,0.008029160089790821,0.05693048983812332,0,-0.01520738285034895,0.9918107986450195,0.1268104612827301,0,-0.05544572323560715,-0.12746596336364746,0.9902920722961426,0,0,29.234130859375,-3.3844189643859863,1
B2,mixamorig_Spine1,1,0.9990062713623047,0.017442455515265465,0.041019946336746216,0,-0.012194824405014515,0.992097020149231,-0.12488220632076263,0,-0.042873580008745193,0.12425737082958221,0.9913228154182434,0,0,34.33424377441406,0,1
B3,mixamorig_Spine2,2,0.9987326264381409,0.012509592808783054,0.04875677078962326,0,-0.011483908630907536,0.9997079968452454,-0.02127189375460148,0,-0.049008600413799286,0.020684726536273956,0.9985844492912292,0,0,39.239158630371094,0,1
B4,mixamorig_Neck,3,0.9698017239570618,0.05924336239695549,0.23658950626850128,0,-0.049795400351285934,0.9977124929428101,-0.045715976506471634,0,-0.2387566715478897,0.03255389630794525,0.9705336689949036,0,0,44.14407730102539,0.000003999999989900971,1
B5,mixamorig_Head,4,0.39173752069473267,0.2985135614871979,0.8703045845031738,0,-0.203403502702713,0.950597882270813,-0.23450031876564026,0,-0.8973112106323242,-0.0851602852344513,0.4331039488315582,0,0,24.203094482421875,6.361032962799072,1
B6,mixamorig_HeadTop_End,5,1,0,0,0,0,1,0,0,0,0,1,0,0,64.78506469726562,17.02674102783203,1
B7,mixamorig_LeftShoulder,3,0.13114033639431,0.011940684169530869,-0.9912914633750916,0,0.9370496869087219,-0.32792457938194275,0.12001471221446991,0,-0.3236353099346161,-0.944628894329071,-0.054193273186683655,0,16.721561431884766,38.2712516784668,-0.777541995048523,1
B8,mixamorig_LeftArm,7,0.22757472097873688,0.19676144421100616,-0.9536727666854858,0,0.6932685971260071,0.6550040245056152,0.3005743622779846,0,0.6838032603263855,-0.729556143283844,0.01265236921608448,0,0,35.720054626464844,0,1
B9,mixamorig_LeftForeArm,8,0.5680914521217346,0.821857213973999,0.042677268385887146,0,-0.8218291997909546,0.5638220906257629,0.0818541869521141,0,0.04321110248565674,-0.08157401531934738,0.995730459690094,0,0,74.70601654052734,-9.999999974752427e-7,1
B10,mixamorig_LeftHand,9,0.943409264087677,0.32748278975486755,0.05225306749343872,0,-0.2780923545360565,0.8670773506164551,-0.4133269786834717,0,-0.18066518008708954,0.37540432810783386,0.9090813994407654,0,0,69.83267211914062,0.0000019999999949504854,1
B11,mixamorig_LeftHandThumb1,10,0.873216986656189,0.48713600635528564,-0.013836000114679337,0,-0.4628021717071533,0.8378238081932068,0.28959599137306213,0,0.15266500413417816,-0.24647599458694458,0.9570490121841431,0,-5.211105823516846,9.3351411819458,6.473297119140625,1
B12,mixamorig_LeftHandThumb2,11,0.9330490231513977,-0.26750698685646057,0.24053899943828583,0,0.2630630135536194,0.9634280204772949,0.051024001091718674,0,-0.24539199471473694,0.01566983200609684,0.9692969918251038,0,-2.3961639404296875,9.7071533203125,0,1
B13,mixamorig_LeftHandThumb3,12,0.9978039860725403,0.04428600147366524,0.04925699904561043,0,-0.025857999920845032,0.9450560212135315,-0.32588401436805725,0,-0.060982998460531235,0.32389500737190247,0.9441260099411011,0,1.020712971687317,9.414716720581055,0,1
B14,mixamorig_LeftHandThumb4,13,1,0,0,0,0,1,0,0,0,0,1,0,1.3754509687423706,7.734663963317871,0,1
B15,mixamorig_LeftHandIndex1,10,0.9472929835319519,0.3189851641654968,-0.029743999242782593,0,-0.310357004404068,0.9367538094520569,0.16177600622177124,0,0.07946699857711792,-0.1440179944038391,0.9863790273666382,0,-12.280345916748047,35.24437713623047,-0.5905370116233826,1
B16,mixamorig_LeftHandIndex2,15,0.9800770282745361,-0.1734970062971115,-0.09668099880218506,0,0.15666000545024872,0.37605801224708557,0.9132570028305054,0,-0.12208899855613708,-0.9102090001106262,0.39574599266052246,0,0.4024609923362732,8.039950370788574,0,1
B17,mixamorig_LeftHandIndex3,16,0.9975990056991577,-0.06713216751813889,-0.01701899990439415,0,0.06917399913072586,0.9539110064506531,0.2920069992542267,0,-0.0033681674394756556,-0.29248300194740295,0.9562649726867676,0,-0.12465900182723999,7.176858901977539,0,1
B18,mixamorig_LeftHandIndex4,17,1,0,0,0,0,1,0,0,0,0,1,0,-0.2778019905090332,5.752976894378662,0,1
B19,mixamorig_LeftHandMiddle1,10,0.9862080216407776,0.14951500296592712,0.07099000364542007,0,-0.16505999863147736,0.9201160073280334,0.3551648259162903,0,-0.012215999886393547,-0.3619838356971741,0.9321041703224182,0,-4.168613910675049,31.860628128051758,-2.1269071102142334,1
B20,mixamorig_LeftHandMiddle2,19,0.9725689888000488,-0.2038619965314865,-0.11202900111675262,0,0.18163399398326874,0.3646650016307831,0.9132509827613831,0,-0.1453240066766739,-0.9085479974746704,0.3916899859905243,0,0.6147850155830383,9.347702026367188,0,1
B21,mixamorig_LeftHandMiddle3,20,0.9963679909706116,-0.08312900364398956,-0.01844399981200695,0,0.08489199727773666,0.9528769850730896,0.2912358343601227,0,-0.006634999997913837,-0.2917439937591553,0.9564740061759949,0,-0.16131900250911713,8.62026309967041,0,1
B22,mixamorig_LeftHandMiddle4,21,1,0,0,0,0,1,0,0,0,0,1,0,-0.45346599817276,7.467072010040283,0,1
B23,mixamorig_LeftHandRing1,10,0.9912130236625671,0.13188399374485016,0.010142999701201916,0,-0.13130199909210205,0.9903140068054199,-0.04514100030064583,0,-0.015998000279068947,0.04341199994087219,0.9989290237426758,0,4.236879825592041,26.018085479736328,-1.7191710472106934,1
B24,mixamorig_LeftHandRing2,23,0.9816550016403198,-0.18461500108242035,-0.04764899984002113,0,0.18609316647052765,0.8733199834823608,0.45020198822021484,0,-0.0415010005235672,-0.4508099853992462,0.8916540145874023,0,1.0016130208969116,9.567665100097656,0,1
B25,mixamorig_LeftHandRing3,24,0.9961519837379456,-0.0864029973745346,-0.014670000411570072,0,0.08716999739408493,0.9595509767532349,0.2676999866962433,0,-0.009053999558091164,-0.2679489850997925,0.9633910059928894,0,-0.309345006942749,8.691427230834961,0,1
B26,mixamorig_LeftHandRing4,25,1,0,0,0,0,1,0,0,0,0,1,0,-0.6922680139541626,7.496097087860107,0,1
B27,mixamorig_LeftHandPinky1,10,0.9889079928398132,-0.1469009965658188,0.021913999691605568,0,0.1481180042028427,0.9863349795341492,-0.07214099913835526,0,-0.011017000302672386,0.0745861679315567,0.9971539974212646,0,12.212085723876953,23.924701690673828,-0.39437898993492126,1
B28,mixamorig_LeftHandPinky2,27,0.970848023891449,-0.23239199817180634,-0.05871700122952461,0,0.2344300001859665,0.8695340156555176,0.4346869885921478,0,-0.04996100068092346,-0.43578100204467773,0.8986650109291077,0,0.7635200023651123,5.932868003845215,0,1
B29,mixamorig_LeftHandPinky3,28,0.9984719753265381,-0.04831999912858009,-0.02680700086057186,0,0.05372700095176697,0.9623119831085205,0.2665880024433136,0,0.012915167957544327,-0.2676210105419159,0.9634379744529724,0,-0.3719640076160431,5.744451999664307,0,1
B30,mixamorig_LeftHandPinky4,29,1,0,0,0,0,1,0,0,0,0,1,0,-0.3915559947490692,4.525350093841553,0,1
B31,mixamorig_RightShoulder,3,-0.06702257692813873,-0.04598350077867508,0.9966891407966614,0,-0.7059183716773987,-0.7037639617919922,-0.07993694394826889,0,0.7051106691360474,-0.7089427709579468,0.014710599556565285,0,-16.721561431884766,38.24894332885742,-0.5848230123519897,1
B32,mixamorig_RightArm,31,0.8042115569114685,-0.1539239138364792,-0.5740647315979004,0,0.15145421028137207,0.9870688319206238,-0.052488841116428375,0,0.5747219324111938,-0.04473215714097023,0.8171249032020569,0,0,35.720054626464844,0,1
B33,mixamorig_RightForeArm,32,0.4079396426677704,-0.911139726638794,-0.058383386582136154,0,0.9111015200614929,0.4021244943141937,0.09049652516841888,0,-0.058977220207452774,-0.09011052548885345,0.9941839575767517,0,0,74.62284851074219,9.999999974752427e-7,1
B34,mixamorig_RightHand,33,0.824999213218689,-0.054809316992759705,0.5624691843986511,0,0.3826718330383301,0.7865687608718872,-0.4846343994140625,0,-0.41585785150527954,0.6150650978088379,0.6698923707008362,0,0,69.77904510498047,0.000003000000106112566,1
B35,mixamorig_RightHandThumb1,34,0.8977410197257996,-0.26654499769210815,-0.35073500871658325,0,0.43202099204063416,0.6883739829063416,0.5826658010482788,0,0.08613000065088272,-0.6746079921722412,0.7331341505050659,0,5.261709213256836,9.51523208618164,5.989758014678955,1
B36,mixamorig_RightHandThumb2,35,0.9938809871673584,0.09504900127649307,-0.05626700073480606,0,-0.09969600290060043,0.9912490248680115,-0.08652116358280182,0,0.047550998628139496,0.09160199761390686,0.9946600198745728,0,2.074434995651245,9.71194076538086,0,1
B37,mixamorig_RightHandThumb3,36,0.9372619986534119,0.3365809917449951,-0.0908460021018982,0,-0.3464210033416748,0.8698940277099609,-0.35110700130462646,0,-0.03914999961853027,0.3605499863624573,0.9319180250167847,0,-1.0303590297698975,9.54643440246582,0,1
B38,mixamorig_RightHandThumb4,37,1,0,0,0,0,1,0,0,0,0,1,0,-1.0440729856491089,7.3405351638793945,0,1
B39,mixamorig_RightHandIndex1,34,0.9915339946746826,-0.12896600365638733,-0.015111000277101994,0,0.12523216009140015,0.9805439710617065,-0.15116316080093384,0,0.03431199863553047,0.14799100160598755,0.9883930087089539,0,11.974846839904785,33.91021728515625,-1.0828440189361572,1
B40,mixamorig_RightHandIndex2,39,0.9976630210876465,0.06822700053453445,0.0035598326940089464,0,-0.06821099668741226,0.9917830228805542,0.10822616517543793,0,0.003854000009596348,-0.10821600258350372,0.9941200017929077,0,-0.20818999409675598,8.309165954589844,0,1
B41,mixamorig_RightHandIndex3,40,0.9997419714927673,-0.02267500013113022,0.0009500000160187483,0,0.02250399999320507,0.9958829879760742,0.08780783414840698,0,-0.002937000012025237,-0.08776383101940155,0.9961370229721069,0,0.24042299389839172,8.29987907409668,0,1
B42,mixamorig_RightHandIndex4,41,1,0,0,0,0,1,0,0,0,0,1,0,-0.03223299980163574,5.992790222167969,0,1
B43,mixamorig_RightHandMiddle1,34,0.9870030283927917,-0.1580471694469452,-0.02908499911427498,0,0.1594270020723343,0.9857529997825623,0.05360500141978264,0,0.0201990008354187,-0.057544998824596405,0.9981390237808228,0,4.200279235839844,32.45361328125,-1.2130980491638184,1
B44,mixamorig_RightHandMiddle2,43,0.9911550283432007,0.13188299536705017,0.014805000275373459,0,-0.1327109932899475,0.9851471781730652,0.10895899683237076,0,-0.00021499999274965376,-0.10995999723672867,0.9939360022544861,0,-0.7154880166053772,8.71047306060791,0,1
B45,mixamorig_RightHandMiddle3,44,0.9996899962425232,0.024862999096512794,0.0013691674685105681,0,-0.024898000061511993,0.9972559809684753,0.0697219967842102,0,0.00036800000816583633,-0.06973399966955185,0.9975659847259521,0,0.32721298933029175,8.937737464904785,0,1
B46,mixamorig_RightHandMiddle4,45,1,0,0,0,0,1,0,0,0,0,1,0,0.38827499747276306,7.384767055511475,0,1
B47,mixamorig_RightHandRing1,34,0.9999030232429504,0.00016199999663513154,-0.013911000452935696,0,0.005073000211268663,0.9268370270729065,0.3754290044307709,0,0.012954000383615494,-0.37546300888061523,0.9267470240592957,0,-4.555150985717773,28.95330810546875,-1.6113660335540771,1
B48,mixamorig_RightHandRing2,47,0.9866470098495483,0.15946699678897858,0.03314900025725365,0,-0.16045500338077545,0.9166799783706665,0.36599498987197876,0,0.027977000921964645,-0.3664270043373108,0.9300259947776794,0,-0.7178959846496582,8.542393684387207,0,1
B49,mixamorig_RightHandRing3,48,0.9944660067558289,0.09879299998283386,0.03573083132505417,0,-0.1045679971575737,0.8981289863586426,0.4271180033683777,0,0.010105167515575886,-0.4284909963607788,0.9034900069236755,0,0.22325399518013,7.964785099029541,0,1
B50,mixamorig_RightHandRing4,49,1,0,0,0,0,1,0,0,0,0,1,0,0.4946430027484894,6.913963794708252,0,1
B51,mixamorig_RightHandPinky1,34,0.9777609705924988,0.19847999513149261,0.06774599850177765,0,-0.20634883642196655,0.8527399897575378,0.4798479974269867,0,0.03747083246707916,-0.4831559956073761,0.8747320175170898,0,-11.619978904724121,23.599477767944336,-1.1400179862976074,1
B52,mixamorig_RightHandPinky2,51,0.9708600044250488,0.22778500616550446,0.07446499913930893,0,-0.2268339991569519,0.7732170224189758,0.5921840071678162,0,0.07731299847364426,-0.5918189883232117,0.8023539781570435,0,-0.7137770056724548,7.09519100189209,0,1
B53,mixamorig_RightHandPinky3,52,0.9849510192871094,0.11145900189876556,0.13209199905395508,0,-0.17058700323104858,0.5040979981422424,0.8466320037841797,0,0.02777699939906597,-0.8564239740371704,0.5155258178710938,0,0.3203220069408417,5.86073112487793,0,1
B54,mixamorig_RightHandPinky4,53,1,0,0,0,0,1,0,0,0,0,1,0,0.39345499873161316,5.177536964416504,0,1
B55,mixamorig_LeftUpLeg,0,-0.9348058700561523,-0.15632331371307373,0.31890472769737244,0,0.2764870524406433,-0.8838992118835449,0.3771943151950836,0,0.2229154407978058,0.4407760500907898,0.8694965839385986,0,26.052797317504883,-16.24090576171875,-4.747044086456299,1
B56,mixamorig_LeftLeg,55,0.9684772491455078,0.24909764528274536,-0.0014691065298393369,0,-0.11922451108694077,0.458340585231781,-0.8807433247566223,0,-0.2187180370092392,0.8531545996665955,0.47359156608581543,0,0,134.01219177246094,0,1
B57,mixamorig_LeftFoot,56,0.610293447971344,-0.30179768800735474,0.7324318885803223,0,-0.4348061680793762,0.6452460885047913,0.6281712055206299,0,-0.6621819138526917,-0.7018340229988098,0.26256754994392395,0,9.999999974752427e-7,122.09042358398438,0,1
B58,mixamorig_LeftToeBase,57,0.882481038570404,-0.23007258772850037,0.410236656665802,0,-0.2887253165245056,0.4235480725765228,0.8586297631263733,0,-0.37130168080329895,-0.8761700987815857,0.3073452413082123,0,9.999999974752427e-7,40.90376281738281,9.999999974752427e-7,1
B59,mixamorig_LeftToe_End,58,1,0,0,0,0,1,0,0,0,0,1,0,0,16.44039535522461,0,1
B60,mixamorig_RightUpLeg,0,-0.989630937576294,-0.10846773535013199,0.09412705898284912,0,0.12942908704280853,-0.38957834243774414,0.9118510484695435,0,-0.06223679706454277,0.9145832061767578,0.3995787799358368,0,-26.052797317504883,-16.24090576171875,-4.840254783630371,1
B61,mixamorig_RightLeg,60,0.9971868991851807,-0.07298820465803146,0.017009248957037926,0,0.06683219969272614,0.7633723616600037,-0.6424922347068787,0,0.03391000255942345,0.6418214440345764,0.76610267162323,0,0,134.01451110839844,0,1
B62,mixamorig_RightFoot,61,0.8682152032852173,-0.19668637216091156,-0.45554015040397644,0,0.45727041363716125,0.6735822558403015,0.5806816816329956,0,0.19263097643852234,-0.7124615907669067,0.6747531294822693,0,0,122.0723876953125,0,1
B63,mixamorig_RightToeBase,62,0.9660140872001648,0.006050237454473972,-0.2584182322025299,0,0.14414240419864655,0.8172497749328613,0.5579646825790405,0,0.21456828713417053,-0.5762503147125244,0.7886030673980713,0,0,41.431034088134766,9.999999974752427e-7,1
B64,mixamorig_RightToe_End,63,1,0,0,0,0,1,0,0,0,0,1,0,0,16.676002502441406,0,1
@52,0,1,2,3,4,5,7,8,9,10,11,12,13,15,16,17,19,20,21,23,24,25,27,28,29,31,32,33,34,35,36,37,39,40,41,43,44,45,47,48,49,51,52,53,55,56,57,58,60,61,62,63
K0.000,0.42403700947761536,0.2720530033111572,-0.8638169765472412,0,0.3034270107746124,0.8560109734535217,0.4185419976711273,0,0.8533030152320862,-0.4395830035209656,0.28043198585510254,0,6.858221054077148,225.9821014404297,5.340760231018066,1,0.9858880043029785,-0.14855700731277466,0.07717200368642807,0,0.132409006357193,0.974058985710144,0.18351499736309052,0,-0.10243300348520279,-0.17070700228214264,0.9799829721450806,0,0,29.234130859375,-3.3844189643859863,1,0.9974200129508972,-0.07132600247859955,-0.008058999665081501,0,0.07050999999046326,0.9946060180664062,-0.07607900351285934,0,0.01344200037419796,0.07531499862670898,0.9970690011978149,0,0,34.33424377441406,0,1,0.9971969723701477,-0.07478500157594681,-0.0022690000478178263,0,0.07481899857521057,0.9967799782752991,0.028853999450802803,0,0.00010299999848939478,-0.028943000361323357,0.999580979347229,0,0,39.239158630371094,0,1,0.9842150211334229,0.04625299945473671,0.1708270013332367,0,-0.02230899967253208,0.98996901512146,-0.1395149976015091,0,-0.17556700110435486,0.13350200653076172,0.9753739833831787,0,0,44.14407730102539,0.000003999999989900971,1,0.6392269730567932,0.31576600670814514,0.7011989951133728,0,-0.21534299850463867,0.9488310217857361,-0.23096899688243866,0,-0.7382519841194153,-0.0033569999504834414,0.6745169758796692,0,0,24.203094482421875,6.361032962799072,1,-0.2634359896183014,0.14302299916744232,-0.9540159702301025,0,0.9094589948654175,-0.29296499490737915,-0.29505300521850586,0,-0.32169198989868164,-0.9453660249710083,-0.05289600044488907,0,16.721561431884766,38.2712516784668,-0.777541995048523,1,0.5145930051803589,0.37102699279785156,-0.7730029821395874,0,0.0056329998187720776,0.9000470042228699,0.43575599789619446,0,0.8574159741401672,-0.22859099507331848,0.4610680043697357,0,0,35.720054626464844,0,1,0.7722280025482178,0.6349520087242126,0.022345000877976418,0,-0.6349300146102905,0.7699769735336304,0.06323900073766708,0,0.02294900082051754,-0.06302200257778168,0.9977480173110962,0,0,74.70601654052734,0,1,0.8115959763526917,0.47495099902153015,0.34019801020622253,0,-0.3786639869213104,0.8710870146751404,-0.31276199221611023,0,-0.44488900899887085,0.1250160038471222,0.8868169784545898,0,0,69.83267211914062,0.0000019999999949504854,1,0.8722609877586365,0.3351610004901886,0.3561300039291382,0,-0.46303799748420715,0.8003090023994446,0.38092100620269775,0,-0.1573439985513687,-0.4971640110015869,0.8532699942588806,0,-5.211105823516846,9.3351411819458,6.473297119140625,1,0.9812759757041931,0.005435999948531389,0.19253000617027283,0,-0.021469999104738235,0.9964590072631836,0.08129499852657318,0,-0.1914059966802597,-0.08390600234270096,0.9779180288314819,0,-2.3961639404296875,9.7071533203125,0,1,0.8525909781455994,0.5197259783744812,-0.05452999845147133,0,-0.5207430124282837,0.8362169861793518,-0.1719519942998886,0,-0.043768998235464096,0.17500099539756775,0.9835950136184692,0,1.020712971687317,9.414716720581055,0,1,0.9350849986076355,0.3519439995288849,-0.04184800013899803,0,-0.3544049859046936,0.9297000169754028,-0.10027000308036804,0,0.003616000059992075,0.10859200358390808,0.9940800070762634,0,-12.280345916748047,35.24437713623047,-0.5905370116233826,1,0.9949769973754883,-0.09939900040626526,-0.01182200014591217,0,0.09912499785423279,0.9619719982147217,0.2545270025730133,0,-0.013927999883890152,-0.2544209957122803,0.966992974281311,0,0.4024609923362732,8.039950370788574,0,1,0.9990820288658142,-0.042782001197338104,-0.0021860001143068075,0,0.04280100017786026,0.9948089718818665,0.09232000261545181,0,-0.0017750000115484,-0.0923290029168129,0.995727002620697,0,-0.12465900182723999,7.176858901977539,0,1,0.9790779948234558,0.19807100296020508,0.04662499949336052,0,-0.20187099277973175,0.9742730259895325,0.10020200163125992,0,-0.025577999651432037,-0.10751800239086151,0.9938740134239197,0,-4.168613910675049,31.860628128051758,-2.1269071102142334,1,0.9924960136413574,-0.12112399935722351,-0.016777999699115753,0,0.12130499631166458,0.9579730033874512,0.25994598865509033,0,-0.015413000248372555,-0.2600310146808624,0.9654769897460938,0,0.6147850155830383,9.347702026367188,0,1,0.9984580278396606,-0.05551699921488762,-0.0004330000083427876,0,0.055319998413324356,0.9942020177841187,0.0922119989991188,0,-0.004689000081270933,-0.09209299832582474,0.9957389831542969,0,-0.16131900250911713,8.62026309967041,0,1,0.9975399971008301,-0.06639300286769867,-0.02247299998998642,0,0.06980299949645996,0.9701020121574402,0.23244300484657288,0,0.0063680000603199005,-0.23343999683856964,0.972350001335144,0,4.236879825592041,26.018085479736328,-1.7191710472106934,1,0.9733350276947021,-0.21087199449539185,-0.09028699994087219,0,0.19979999959468842,0.5859969854354858,0.7852939963340759,0,-0.11268900334835052,-0.7823939919471741,0.6125040054321289,0,1.0016130208969116,9.567665100097656,0,1,0.9911370277404785,-0.11350700259208679,-0.06902199983596802,0,0.13186000287532806,0.7774369716644287,0.6149830222129822,0,-0.016143999993801117,-0.6186339855194092,0.7855139970779419,0,-0.309345006942749,8.691427230834961,0,1,0.9807900190353394,-0.1883009970188141,0.05092500150203705,0,0.1724729984998703,0.959077000617981,0.22455300390720367,0,-0.09112399816513062,-0.21145600080490112,0.9731299877166748,0,12.212085723876953,23.924701690673828,-0.39437898993492126,1,0.9615079760551453,-0.25126001238822937,-0.11122599989175797,0,0.24248799681663513,0.5855100154876709,0.7735480070114136,0,-0.12923799455165863,-0.7707440257072449,0.6238999962806702,0,0.7635200023651123,5.932868003845215,0,1,0.9944440126419067,-0.07199300080537796,-0.07680100202560425,0,0.10406800359487534,0.7821959853172302,0.6142799854278564,0,0.015848999843001366,-0.6188589930534363,0.7853419780731201,0,-0.3719640076160431,5.744451999664307,0,1,0.19466400146484375,-0.06320600211620331,0.9788309931755066,0,-0.9279270172119141,-0.33528798818588257,0.1628900021314621,0,0.31789499521255493,-0.9399930238723755,-0.12391900271177292,0,-16.721561431884766,38.24894332885742,-0.5848230123519897,1,0.5256350040435791,0.006819000001996756,-0.8506829738616943,0,0.26864200830459595,0.9474689960479736,0.17358799278736115,0,0.8071799874305725,-0.31977400183677673,0.49619099497795105,0,0,35.720054626464844,0,1,0.6834359765052795,-0.7293509840965271,-0.031019000336527824,0,0.7293199896812439,0.680325984954834,0.0724409967660904,0,-0.03173099830746651,-0.07213199883699417,0.9968900084495544,0,0,74.62284851074219,0,1,0.8346869945526123,-0.03247800096869469,0.5497649908065796,0,0.42215999960899353,0.6787949800491333,-0.6008489727973938,0,-0.35366401076316833,0.7336099743843079,0.5802919864654541,0,0,69.77904510498047,0.000003000000106112566,1,0.8977410197257996,-0.26654499769210815,-0.35073399543762207,0,0.43202099204063416,0.6883739829063416,0.5826650261878967,0,0.08613000065088272,-0.67460697889328,0.7331349849700928,0,5.261709213256836,9.51523208618164,5.989758014678955,1,0.9938809871673584,0.09504900127649307,-0.05626700073480606,0,-0.09969600290060043,0.9912490248680115,-0.08652099967002869,0,0.047550998628139496,0.09160199761390686,0.9946600198745728,0,2.074434995651245,9.71194076538086,0,1,0.9372619986534119,0.3365820050239563,-0.0908460021018982,0,-0.3464210033416748,0.8698940277099609,-0.35110700130462646,0,-0.03914999961853027,0.3605499863624573,0.9319180250167847,0,-1.0303590297698975,9.54643440246582,0,1,0.9915339946746826,-0.12896600365638733,-0.015111000277101994,0,0.125232994556427,0.9805439710617065,-0.1511629968881607,0,0.03431199863553047,0.14799100160598755,0.9883930087089539,0,11.974846839904785,33.91021728515625,-1.0828440189361572,1,0.9976630210876465,0.06822700053453445,0.0035600000992417336,0,-0.06821099668741226,0.9917830228805542,0.1082260012626648,0,0.003854000009596348,-0.10821600258350372,0.9941200017929077,0,-0.20818999409675598,8.309165954589844,0,1,0.9997419714927673,-0.02267500013113022,0.0009500000160187483,0,0.02250399999320507,0.9958829879760742,0.08780699968338013,0,-0.002937000012025237,-0.0877629965543747,0.9961370229721069,0,0.24042299389839172,8.29987907409668,0,1,0.9870030283927917,-0.15804700553417206,-0.02908499911427498,0,0.1594270020723343,0.9857529997825623,0.05360500141978264,0,0.0201990008354187,-0.057544998824596405,0.9981390237808228,0,4.200279235839844,32.45361328125,-1.2130980491638184,1,0.9911550283432007,0.13188299536705017,0.014805000275373459,0,-0.1327109932899475,0.985148012638092,0.10895899683237076,0,-0.00021499999274965376,-0.10995999723672867,0.9939360022544861,0,-0.7154880166053772,8.71047306060791,0,1,0.9996899962425232,0.024862999096512794,0.0013699999544769526,0,-0.024898000061511993,0.9972559809684753,0.0697219967842102,0,0.00036800000816583633,-0.06973399966955185,0.9975659847259521,0,0.32721298933029175,8.937737464904785,0,1,0.9999030232429504,0.00016199999663513154,-0.013911000452935696,0,0.005073000211268663,0.9268379807472229,0.3754279911518097,0,0.012954000383615494,-0.37546300888061523,0.9267470240592957,0,-4.555150985717773,28.95330810546875,-1.6113660335540771,1,0.9866470098495483,0.15946699678897858,0.03314900025725365,0,-0.16045500338077545,0.9166799783706665,0.36599600315093994,0,0.027977000921964645,-0.3664270043373108,0.9300259947776794,0,-0.7178959846496582,8.542393684387207,0,1,0.9944660067558289,0.09879299998283386,0.03573000058531761,0,-0.1045679971575737,0.8981289863586426,0.4271180033683777,0,0.010106000117957592,-0.42849001288414,0.9034900069236755,0,0.22325399518013,7.964785099029541,0,1,0.9777609705924988,0.19847999513149261,0.06774599850177765,0,-0.20634900033473969,0.8527399897575378,0.4798479974269867,0,0.037470001727342606,-0.4831559956073761,0.8747320175170898,0,-11.619978904724121,23.599477767944336,-1.1400179862976074,1,0.9708600044250488,0.22778500616550446,0.07446499913930893,0,-0.2268339991569519,0.7732170224189758,0.5921840071678162,0,0.07731299847364426,-0.5918189883232117,0.8023539781570435,0,-0.7137770056724548,7.09519100189209,0,1,0.9849510192871094,0.11145900189876556,0.13209199905395508,0,-0.1705860048532486,0.5040979981422424,0.8466320037841797,0,0.02777699939906597,-0.8564239740371704,0.5155249834060669,0,0.3203220069408417,5.86073112487793,0,1,-0.9399229884147644,0.31815800070762634,0.12377499788999557,0,-0.022370999678969383,-0.419187992811203,0.9076240062713623,0,0.3406530022621155,0.8503270149230957,0.40112200379371643,0,26.052797317504883,-16.24090576171875,-4.747044086456299,1,0.9884039759635925,0.15004900097846985,-0.023298999294638634,0,-0.04808700084686279,0.16376300156116486,-0.9853270053863525,0,-0.14403200149536133,0.97502201795578,0.1690790057182312,0,0,134.01219177246094,0,1,0.7226870059967041,-0.3455590009689331,0.59859299659729,0,-0.5396599769592285,0.2590000033378601,0.801052987575531,0,-0.4318470060825348,-0.901947021484375,0.0006910000229254365,0,0,122.09042358398438,0,1,0.9638239741325378,-0.014472000300884247,0.26614800095558167,0,-0.14924700558185577,0.7980080246925354,0.5838729739189148,0,-0.22083799540996552,-0.6024730205535889,0.7669789791107178,0,0,40.90376281738281,0,1,-0.7221320271492004,0.4435960054397583,-0.5307989716529846,0,-0.6413559913635254,-0.14181600511074066,0.754023015499115,0,0.25920599699020386,0.8849350214004517,0.386913001537323,0,-26.052797317504883,-16.24090576171875,-4.840254783630371,1,0.9868389964103699,-0.13219499588012695,-0.09312599897384644,0,0.08266700059175491,0.9073950052261353,-0.4120689928531647,0,0.13897499442100525,0.3989480137825012,0.9063810110092163,0,0,134.01451110839844,0,1,0.7109230160713196,-0.19740599393844604,-0.6749950051307678,0,0.33187198638916016,0.9403769969940186,0.07451699674129486,0,0.6200399994850159,-0.2769879996776581,0.7340490221977234,0,0,122.0723876953125,0,1,0.961571991443634,0.019023999571800232,-0.27389299869537354,0,0.1515669971704483,0.7950230240821838,0.5873370170593262,0,0.22892500460147858,-0.6062800288200378,0.761588990688324,0,0,41.431034088134766,0,1
K0.033,0.42673802375793457,0.2716349959373474,-0.8626180291175842,0,0.3017379641532898,0.8564079999923706,0.41894999146461487,0,0.8525540232658386,-0.439067006111145,0.2835000157356262,0,6.951220989227295,225.99215698242188,5.306440353393555,1,0.9858559966087341,-0.14885500073432922,0.07700999826192856,0,0.13268299400806427,0.9739320278167725,0.18398800492286682,0,-0.10238999873399734,-0.17116700112819672,0.9799069762229919,0,0,29.234130859375,-3.3844189643859863,1,0.997418999671936,-0.07131899893283844,-0.008347002789378166,0,0.07048700004816055,0.9946370124816895,-0.07568500190973282,0,0.013700002804398537,0.07490099221467972,0.9970970153808594,0,0,34.33424377441406,0,1,0.9971979856491089,-0.0747620016336441,-0.002585003152489662,0,0.07480599731206894,0.9967690110206604,0.029252003878355026,0,0.0003900029114447534,-0.029363004490733147,0.9995689988136292,0,0,39.239158630371094,0,1,0.9842029809951782,0.04695799946784973,0.1707029938697815,0,-0.02302199974656105,0.9899430274963379,-0.13958099484443665,0,-0.1755400002002716,0.13344599306583405,0.9753860235214233,0,0,44.14407730102539,0.000003999999989900971,1,0.640470027923584,0.31584998965263367,0.7000259757041931,0,-0.21441799402236938,0.9488080143928528,-0.23192299902439117,0,-0.7374439835548401,-0.0015579941682517529,0.6754069924354553,0,0,24.203094482421875,6.361032962799072,1,-0.2618309259414673,0.1427679806947708,-0.9544960260391235,0,0.9096189737319946,-0.2940250337123871,-0.2934989333152771,0,-0.3225480318069458,-0.9450749754905701,-0.05287899821996689,0,16.721561431884766,38.2712516784668,-0.777541995048523,1,0.5175600647926331,0.36928096413612366,-0.771856963634491,0,0.006327011622488499,0.9003980159759521,0.43502098321914673,0,0.8556229472160339,-0.2300330400466919,0.4636740982532501,0,0,35.720054626464844,0,1,0.772487998008728,0.6346369981765747,0.022319000214338303,0,-0.6346160173416138,0.770238995552063,0.06320799887180328,0,0.022923000156879425,-0.06299100071191788,0.997750997543335,0,0,74.70601654052734,0,1,0.812313973903656,0.47418296337127686,0.33955296874046326,0,-0.3781769871711731,0.8714699745178223,-0.31228598952293396,0,-0.4439909756183624,0.1252630203962326,0.8872320055961609,0,0,69.83267211914062,0.0000019999999949504854,1,0.8722599744796753,0.3351610004901886,0.3561300039291382,0,-0.46303799748420715,0.8003090023994446,0.38092100620269775,0,-0.1573439985513687,-0.4971640110015869,0.8532710075378418,0,-5.211105823516846,9.3351411819458,6.473297119140625,1,0.9812759757041931,0.005435999948531389,0.19253000617027283,0,-0.021469999104738235,0.9964590072631836,0.08129499852657318,0,-0.1914069950580597,-0.08390700072050095,0.9779180288314819,0,-2.3961639404296875,9.7071533203125,0,1,0.8525909781455994,0.5197269916534424,-0.05452999845147133,0,-0.5207430124282837,0.8362169861793518,-0.1719519942998886,0,-0.043768998235464096,0.17500099539756775,0.9835950136184692,0,1.020712971687317,9.414716720581055,0,1,0.9350849986076355,0.35194501280784607,-0.04184800013899803,0,-0.3544049859046936,0.9297000169754028,-0.10027000308036804,0,0.003616000059992075,0.10859200358390808,0.9940800070762634,0,-12.280345916748047,35.24437713623047,-0.5905370116233826,1,0.9949769973754883,-0.09939900040626526,-0.011820999905467033,0,0.09912600368261337,0.9619719982147217,0.2545279860496521,0,-0.013927999883890152,-0.25442200899124146,0.966992974281311,0,0.4024609923362732,8.039950370788574,0,1,0.9990820288658142,-0.042782001197338104,-0.0021860001143068075,0,0.04280100017786026,0.9948089718818665,0.09232000261545181,0,-0.0017750000115484,-0.0923290029168129,0.995727002620697,0,-0.12465900182723999,7.176858901977539,0,1,0.9790779948234558,0.19807200133800507,0.04662499949336052,0,-0.20187099277973175,0.9742730259895325,0.10020100325345993,0,-0.025578999891877174,-0.10751699656248093,0.9938740134239197,0,-4.168613910675049,31.860628128051758,-2.1269071102142334,1,0.9924960136413574,-0.12112399935722351,-0.01677899993956089,0,0.12130499631166458,0.9579730033874512,0.2599470019340515,0,-0.015412000007927418,-0.2600310146808624,0.9654769897460938,0,0.6147850155830383,9.347702026367188,0,1,0.9984580278396606,-0.05551699921488762,-0.0004330000083427876,0,0.055319998413324356,0.9942020177841187,0.0922119989991188,0,-0.004689000081270933,-0.09209299832582474,0.9957389831542969,0,-0.16131900250911713,8.62026309967041,0,1,0.9975399971008301,-0.06639300286769867,-0.02247299998998642,0,0.06980299949645996,0.9701020121574402,0.23244300484657288,0,0.0063680000603199005,-0.23343999683856964,0.972350001335144,0,4.236879825592041,26.018085479736328,-1.7191710472106934,1,0.9733350276947021,-0.21087199449539185,-0.09028699994087219,0,0.19979999959468842,0.5859969854354858,0.7852939963340759,0,-0.11268799751996994,-0.7823939919471741,0.6125040054321289,0,1.0016130208969116,9.567665100097656,0,1,0.9911370277404785,-0.11350700259208679,-0.06902199983596802,0,0.13186100125312805,0.7774369716644287,0.6149830222129822,0,-0.016145000234246254,-0.6186339855194092,0.7855139970779419,0,-0.309345006942749,8.691427230834961,0,1,0.9807900190353394,-0.1883009970188141,0.05092500150203705,0,0.1724729984998703,0.959077000617981,0.22455300390720367,0,-0.09112399816513062,-0.21145600080490112,0.9731299877166748,0,12.212085723876953,23.924701690673828,-0.39437898993492126,1,0.9615079760551453,-0.25126001238822937,-0.11122599989175797,0,0.24248799681663513,0.5855100154876709,0.7735480070114136,0,-0.12923799455165863,-0.7707440257072449,0.6238999962806702,0,0.7635200023651123,5.932868003845215,0,1,0.9944440126419067,-0.07199300080537796,-0.07680100202560425,0,0.10406800359487534,0.7821959853172302,0.6142799854278564,0,0.015848999843001366,-0.6188589930534363,0.7853419780731201,0,-0.3719640076160431,5.744451999664307,0,1,0.1959650218486786,-0.061679985374212265,0.9786689877510071,0,-0.9252189993858337,-0.34230807423591614,0.1636890172958374,0,0.32491007447242737,-0.9375609755516052,-0.12414799630641937,0,-16.721561431884766,38.24894332885742,-0.5848230123519897,1,0.5278699994087219,-0.00357008702121675,-0.8493180274963379,0,0.27017703652381897,0.9487519860267639,0.1639329195022583,0,0.8052070140838623,-0.31600096821784973,0.5017820596694946,0,0,35.720054626464844,0,1,0.6814249753952026,-0.7312219738960266,-0.0312190018594265,0,0.7311909794807434,0.6782950162887573,0.0726270005106926,0,-0.03193000331521034,-0.07231699675321579,0.9968699812889099,0,0,74.62284851074219,0,1,0.8365790247917175,-0.0344109944999218,0.5467650294303894,0,0.41926899552345276,0.6826130151748657,-0.5985419750213623,0,-0.35263198614120483,0.7299690246582031,0.5854870080947876,0,0,69.77904510498047,0.000003000000106112566,1,0.8977410197257996,-0.26654499769210815,-0.35073500871658325,0,0.43202200531959534,0.6883730292320251,0.5826659798622131,0,0.08613000065088272,-0.6746079921722412,0.7331339716911316,0,5.261709213256836,9.51523208618164,5.989758014678955,1,0.9938809871673584,0.09504900127649307,-0.05626700073480606,0,-0.09969600290060043,0.9912490248680115,-0.08652199804782867,0,0.047550998628139496,0.09160199761390686,0.9946600198745728,0,2.074434995651245,9.71194076538086,0,1,0.9372619986534119,0.3365820050239563,-0.0908460021018982,0,-0.3464210033416748,0.8698940277099609,-0.35110700130462646,0,-0.03914999961853027,0.3605499863624573,0.9319180250167847,0,-1.0303590297698975,9.54643440246582,0,1,0.9915339946746826,-0.12896500527858734,-0.015111000277101994,0,0.12523199617862701,0.9805439710617065,-0.1511639952659607,0,0.03431199863553047,0.14799100160598755,0.9883930087089539,0,11.974846839904785,33.91021728515625,-1.0828440189361572,1,0.9976630210876465,0.06822700053453445,0.0035600000992417336,0,-0.06821099668741226,0.9917830228805542,0.10822699964046478,0,0.003854000009596348,-0.10821700096130371,0.9941200017929077,0,-0.20818999409675598,8.309165954589844,0,1,0.9997419714927673,-0.02267500013113022,0.0009500000160187483,0,0.02250399999320507,0.9958829879760742,0.08780699968338013,0,-0.002937000012025237,-0.0877629965543747,0.9961370229721069,0,0.24042299389839172,8.29987907409668,0,1,0.9870030283927917,-0.15804700553417206,-0.02908499911427498,0,0.1594270020723343,0.9857529997825623,0.05360500141978264,0,0.0201990008354187,-0.057544998824596405,0.9981390237808228,0,4.200279235839844,32.45361328125,-1.2130980491638184,1,0.9911550283432007,0.13188299536705017,0.014805000275373459,0,-0.1327109932899475,0.985148012638092,0.10895899683237076,0,-0.00021499999274965376,-0.10995999723672867,0.9939360022544861,0,-0.7154880166053772,8.71047306060791,0,1,0.9996899962425232,0.024862999096512794,0.0013699999544769526,0,-0.024898000061511993,0.9972559809684753,0.0697219967842102,0,0.00036800000816583633,-0.06973399966955185,0.9975659847259521,0,0.32721298933029175,8.937737464904785,0,1,0.9999030232429504,0.00016199999663513154,-0.013911000452935696,0,0.005073000211268663,0.9268370270729065,0.3754290044307709,0,0.012954000383615494,-0.37546300888061523,0.9267470240592957,0,-4.555150985717773,28.95330810546875,-1.6113660335540771,1,0.9866459965705872,0.15946699678897858,0.03314900025725365,0,-0.16045600175857544,0.9166799783706665,0.36599498987197876,0,0.027977000921964645,-0.3664270043373108,0.9300259947776794,0,-0.7178959846496582,8.542393684387207,0,1,0.9944660067558289,0.09879299998283386,0.0357309989631176,0,-0.1045679971575737,0.8981289863586426,0.4271180033683777,0,0.010104999877512455,-0.4284909963607788,0.9034900069236755,0,0.22325399518013,7.964785099029541,0,1,0.9777609705924988,0.19847999513149261,0.06774599850177765,0,-0.20634900033473969,0.8527399897575378,0.4798479974269867,0,0.037470001727342606,-0.4831559956073761,0.8747320175170898,0,-11.619978904724121,23.599477767944336,-1.1400179862976074,1,0.9708600044250488,0.22778500616550446,0.07446499913930893,0,-0.2268339991569519,0.7732170224189758,0.5921840071678162,0,0.07731399685144424,-0.5918189883232117,0.8023539781570435,0,-0.7137770056724548,7.09519100189209,0,1,0.9849510192871094,0.11145900189876556,0.13209199905395508,0,-0.17058700323104858,0.5040979981422424,0.8466320037841797,0,0.02777699939906597,-0.8564239740371704,0.5155249834060669,0,0.3203220069408417,5.86073112487793,0,1,-0.9398130178451538,0.318217009305954,0.12445400655269623,0,-0.022297002375125885,-0.42057302594184875,0.9069849848747253,0,0.34095999598503113,0.8496220111846924,0.40235498547554016,0,26.052797317504883,-16.24090576171875,-4.747044086456299,1,0.9881049990653992,0.15205301344394684,-0.02298099733889103,0,-0.04806699976325035,0.1634339988231659,-0.9853829741477966,0,-0.14607501029968262,0.9747660160064697,0.1687989979982376,0,0,134.01219177246094,0,1,0.7214469909667969,-0.3469879925251007,0.5992599725723267,0,-0.5401899814605713,0.2594369947910309,0.8005539774894714,0,-0.4332529902458191,-0.9012719988822937,-0.0002700105542317033,0,0,122.09042358398438,0,1,0.9635540246963501,-0.015265011228621006,0.26708000898361206,0,-0.1496960073709488,0.796658992767334,0.5855990052223206,0,-0.22171100974082947,-0.6042370200157166,0.7653380036354065,0,0,40.90376281738281,0,1,-0.7232890129089355,0.443121999502182,-0.5296189785003662,0,-0.6402220129966736,-0.14289002120494843,0.7547839879989624,0,0.2587839961051941,0.8849999904632568,0.3870469927787781,0,-26.052797317504883,-16.24090576171875,-4.840254783630371,1,0.987080991268158,-0.13128498196601868,-0.09184698760509491,0,0.08267500251531601,0.9083729982376099,-0.4099069833755493,0,0.13724598288536072,0.3970179557800293,0.9074910283088684,0,0,134.01451110839844,0,1,0.7111889719963074,-0.19861000776290894,-0.6743620038032532,0,0.33231499791145325,0.9402980208396912,0.07352999597787857,0,0.6194970011711121,-0.2763940095901489,0.7347310185432434,0,0,122.0723876953125,0,1,0.961571991443634,0.019023999571800232,-0.27389198541641235,0,0.1515669971704483,0.7950249910354614,0.587336003780365,0,0.2289240062236786,-0.6062780022621155,0.7615910172462463,0,0,41.431034088134766,0,1
