1.067,30,32,65
B0,mixamorig_Hips,-1,0.6171732544898987,0.09383070468902588,-0.7811521291732788,0,0.4834246337413788,0.7380303740501404,0.47061264514923096,0,0.620758593082428,-0.6681455969810486,0.4101104140281677,0,0.05708077549934387,2.1539692878723145,-0.1207222044467926,1
B1,mixamorig_Spine,0,0.9930497407913208,0.11681825667619705,0.012433703057467937,0,-0.1162993535399437,0.9625608325004578,0.2447333037853241,0,0.016603434458374977,-0.24448534846305847,0.9695064425468445,0,0,0.28454700112342834,-0.03201499953866005,1
B2,mixamorig_Spine1,1,0.9999114871025085,-0.002145960694178939,-0.013058320619165897,0,0.005210909526795149,0.9708978533744812,0.23942963778972626,0,0.012162476778030396,-0.23947684466838837,0.9708244204521179,0,0,0.3340660035610199,0,1
B3,mixamorig_Spine2,2,0.9999344944953918,-0.004361719358712435,-0.010459608398377895,0,0.00662588607519865,0.9738076329231262,0.22726571559906006,0,0.009192013181746006,-0.22732122242450714,0.973774790763855,0,0,0.38179001212120056,0,1
B4,mixamorig_Neck,3,0.9860612154006958,0.10824500024318695,0.1262393295764923,0,-0.0846652239561081,0.979983925819397,-0.17914098501205444,0,-0.14320534467697144,0.16595569252967834,0.9755029678344727,0,0,0.42951399087905884,0,1
B5,mixamorig_Head,4,0.7625791430473328,0.5452356934547424,0.34810498356819153,0,0.14854198694229126,0.3761759102344513,-0.9145447015762329,0,-0.6295895576477051,0.7491219639778137,0.20587292313575745,0,0,0.2276429980993271,0.060318998992443085,1
B6,mixamorig_HeadTop_End,5,1,0,0,0,0,1,0,0,0,0,1,0,0,0.6589959859848022,0.17461499571800232,1
B7,mixamorig_LeftShoulder,3,0.2582164406776428,-0.0029370698612183332,-0.966075599193573,0,0.8628533482551575,-0.44905024766921997,0.23199377954006195,0,-0.4345032274723053,-0.8934997320175171,-0.11341247707605362,0,0.16997399926185608,0.3685550093650818,-0.008461999706923962,1
B8,mixamorig_LeftArm,7,0.9192952513694763,0.35117217898368835,-0.17707549035549164,0,-0.24552029371261597,0.8641791343688965,0.439001202583313,0,0.30720624327659607,-0.3602583110332489,0.8807753324508667,0,0,0.36368298530578613,0,1
B9,mixamorig_LeftForeArm,8,0.8935085535049438,0.4489521086215973,0.008883249014616013,0,-0.4489021301269531,0.8925697803497314,0.04242706671357155,0,0.01111981738358736,-0.041896771639585495,0.9990602731704712,0,0,0.7414150238037109,0,1
B10,mixamorig_LeftHand,9,0.9777778387069702,0.10396858304738998,0.18181954324245453,0,-0.14778970181941986,0.9575819373130798,0.24720773100852966,0,-0.14841681718826294,-0.26860511302948,0.9517478942871094,0,0,0.7164419889450073,0,1
B11,mixamorig_LeftHandThumb1,10,0.8779829740524292,0.3298510015010834,0.34690600633621216,0,-0.4552609920501709,0.7993289828300476,0.3921869993209839,0,-0.14792899787425995,-0.5022670030593872,0.8519650101661682,0,-0.05294099822640419,0.08002900332212448,0.06036200001835823,1
B12,mixamorig_LeftHandThumb2,11,0.9798070192337036,0.03671928495168686,0.19654299318790436,0,-0.052170999348163605,0.9958909749984741,0.07402399927377701,0,-0.19301700592041016,-0.08278299868106842,0.9776970148086548,0,-0.024449000135064125,0.08733200281858444,0,1
B13,mixamorig_LeftHandThumb3,12,0.8504850268363953,0.5237200260162354,-0.04892199859023094,0,-0.5241649746894836,0.8360819816589355,-0.16192199289798737,0,-0.04389899969100952,0.1633549928665161,0.9855899810791016,0,0.010323000140488148,0.09297499805688858,0,1
B14,mixamorig_LeftHandThumb4,13,1,0,0,0,0,1,0,0,0,0,1,0,0.014125999994575977,0.07835999876260757,0,1
B15,mixamorig_LeftHandIndex1,10,0.9239270091056824,0.3801819980144501,-0.04266371577978134,0,-0.3825649917125702,0.9176939725875854,-0.10715500265359879,0,-0.0015862840227782726,0.11532499641180038,0.9933270215988159,0,-0.1271979957818985,0.3301219940185547,-0.00661400007084012,1
B16,mixamorig_LeftHandIndex2,15,0.9944339990615845,-0.10461500287055969,-0.012479283846914768,0,0.10434400290250778,0.9615569710731506,0.25400999188423157,0,-0.014573999680578709,-0.2538990080356598,0.9671210050582886,0,0.004093000199645758,0.08040200173854828,0,1
B17,mixamorig_LeftHandIndex3,16,0.9990389943122864,-0.043765999376773834,-0.002225999953225255,0,0.04378499835729599,0.9947829842567444,0.0921429991722107,0,-0.0018179999897256494,-0.09215199947357178,0.9957429766654968,0,-0.0012730000307783484,0.07176800072193146,0,1
B18,mixamorig_LeftHandIndex4,17,1,0,0,0,0,1,0,0,0,0,1,0,-0.002819000044837594,0.0575300008058548,0,1
B19,mixamorig_LeftHandMiddle1,10,0.9726369976997375,0.22761228680610657,0.046581998467445374,0,-0.2310360074043274,0.9687100052833557,0.09067799896001816,0,-0.024484999477863312,-0.09895899891853333,0.9947900176048279,0,-0.04712500050663948,0.29318100214004517,-0.022520000115036964,1
B20,mixamorig_LeftHandMiddle2,19,0.9914799928665161,-0.12894900143146515,-0.018404999747872353,0,0.12929099798202515,0.9570930004119873,0.25933998823165894,0,-0.015826284885406494,-0.25951001048088074,0.9656109809875488,0,0.006639999803155661,0.09613300114870071,0,1
B21,mixamorig_LeftHandMiddle3,20,0.9983199834823608,-0.05794600024819374,-0.00021300000662449747,0,0.057718999683856964,0.9940789937973022,0.09206700325012207,0,-0.005123000126332045,-0.0919250026345253,0.9957529902458191,0,-0.0018439999548718333,0.08786199986934662,0,1
B22,mixamorig_LeftHandMiddle4,21,1,0,0,0,0,1,0,0,0,0,1,0,-0.004796000197529793,0.07533500343561172,0,1
B23,mixamorig_LeftHandRing1,10,0.9969260096549988,-0.07792700082063675,0.0080960001796484,0,0.0743430033326149,0.9735299944877625,0.21613000333309174,0,-0.02472471445798874,-0.21486400067806244,0.9763309955596924,0,0.053543999791145325,0.29100799560546875,-0.019807999953627586,1
B24,mixamorig_LeftHandRing2,23,0.9674019813537598,-0.23126499354839325,-0.1032010018825531,0,0.22325199842453003,0.5864202976226807,0.7786329984664917,0,-0.11955100297927856,-0.776291012763977,0.6189342737197876,0,0.005867999978363514,0.07867699861526489,0,1
B25,mixamorig_LeftHandRing3,24,0.9917389750480652,-0.10944899916648865,-0.06688500195741653,0,0.1274379938840866,0.7815120220184326,0.6107360124588013,0,-0.014573000371456146,-0.6142150163650513,0.7890040278434753,0,-0.0028119999915361404,0.07310599833726883,0,1
B26,mixamorig_LeftHandRing4,25,1,0,0,0,0,1,0,0,0,0,1,0,-0.0030559999868273735,0.05968699976801872,0,1
B27,mixamorig_LeftHandPinky1,10,0.9857289791107178,-0.1595509946346283,0.05367400124669075,0,0.14504699409008026,0.9668359756469727,0.21021372079849243,0,-0.08543399721384048,-0.1994280070066452,0.9761809706687927,0,0.12077999860048294,0.2229979932308197,-0.00686099985614419,1
B28,mixamorig_LeftHandPinky2,27,0.9580569863319397,-0.26224398612976074,-0.11556028574705124,0,0.2527489960193634,0.5831646919250488,0.7720339894294739,0,-0.13507099449634552,-0.7688609957695007,0.624987006187439,0,0.007691000122576952,0.058476999402046204,0,1
B29,mixamorig_LeftHandPinky3,28,0.9935269951820374,-0.08057799935340881,-0.0800739973783493,0,0.11282899975776672,0.7818740010261536,0.6131417155265808,0,0.0132020004093647,-0.6182069778442383,0.7859042882919312,0,-0.0036830001045018435,0.057537999004125595,0,1
B30,mixamorig_LeftHandPinky4,29,1,0,0,0,0,1,0,0,0,0,1,0,-0.004009000025689602,0.04541200026869774,0,1
B31,mixamorig_RightShoulder,3,0.2898736000061035,-0.0007566991844214499,0.9570632576942444,0,-0.7893473505973816,-0.5656694173812866,0.23862887918949127,0,0.5412029027938843,-0.824629545211792,-0.1645674854516983,0,-0.16997399926185608,0.3681989908218384,-0.005295000039041042,1
B32,mixamorig_RightArm,31,0.38101035356521606,-0.3886878490447998,-0.8388267755508423,0,0.14936646819114685,0.9212468266487122,-0.3590417802333832,0,0.912384569644928,0.01145713310688734,0.40912383794784546,0,0,0.36368298530578613,0,1
B33,mixamorig_RightForeArm,32,0.40315207839012146,-0.9135375022888184,-0.05392932891845703,0,0.9134244918823242,0.39810803532600403,0.08459801226854324,0,-0.05581505596637726,-0.08336587250232697,0.9949549436569214,0,0,0.7402600049972534,0,1
B34,mixamorig_RightHand,33,0.6370854377746582,-0.3274272084236145,0.6977895498275757,0,0.6707648038864136,0.6814976930618286,-0.292631596326828,0,-0.3797261118888855,0.654485285282135,0.6537981629371643,0,0,0.715919017791748,0,1
B35,mixamorig_RightHandThumb1,34,0.9122229814529419,-0.2395080029964447,-0.33239299058914185,0,0.39844900369644165,0.707431972026825,0.583761990070343,0,0.09532999992370605,-0.6649630069732666,0.7407670021057129,0,0.05251700058579445,0.0796549990773201,0.05785299837589264,1
B36,mixamorig_RightHandThumb2,35,0.9964410066604614,0.059055715799331665,-0.060155998915433884,0,-0.06438300013542175,0.9937809705734253,-0.09085399657487869,0,0.054416000843048096,0.09440399706363678,0.9940459728240967,0,0.021980000659823418,0.08651500195264816,0,1
B37,mixamorig_RightHandThumb3,36,0.9468179941177368,0.3094269931316376,-0.08826199918985367,0,-0.3200109899044037,0.8768839836120605,-0.35870200395584106,0,-0.03359600156545639,0.3678700029850006,0.9292700290679932,0,-0.009847999550402164,0.09419199824333191,0,1
B38,mixamorig_RightHandThumb4,37,1,0,0,0,0,1,0,0,0,0,1,0,-0.012133000418543816,0.0746849998831749,0,1
B39,mixamorig_RightHandIndex1,34,0.9915189743041992,-0.12936300039291382,-0.012430000118911266,0,0.1254040002822876,0.97748202085495,-0.16971400380134583,0,0.03410499915480614,0.16671599447727203,0.985414981842041,0,0.12092000246047974,0.31066200137138367,-0.010487999767065048,1
B40,mixamorig_RightHandIndex2,39,0.9976670145988464,0.06817799806594849,0.0035689999349415302,0,-0.06816300004720688,0.9917839765548706,0.10825300216674805,0,0.0038399999029934406,-0.10824400186538696,0.994117021560669,0,-0.0020759999752044678,0.08308299630880356,0,1
B41,mixamorig_RightHandIndex3,40,0.9997090101242065,-0.024095000699162483,0.000775999971665442,0,0.023933999240398407,0.9958480000495911,0.08782999962568283,0,-0.0028890001121908426,-0.0877859964966774,0.9961349964141846,0,0.002429000101983547,0.08299700170755386,0,1
B42,mixamorig_RightHandIndex4,41,1,0,0,0,0,1,0,0,0,0,1,0,-0.0003530000103637576,0.05992899835109711,0,1
B43,mixamorig_RightHandMiddle1,34,0.9897210001945496,-0.13686800003051758,-0.041467998176813126,0,0.13832400739192963,0.9897850155830383,0.03453800082206726,0,0.036316998302936554,-0.03991900011897087,0.9985430240631104,0,0.039987001568078995,0.308353990316391,-0.017412999644875526,1
B44,mixamorig_RightHandMiddle2,43,0.9944180250167847,0.10512872040271759,0.009045000188052654,0,-0.10548699647188187,0.9884309768676758,0.10898199677467346,0,0.002517000073567033,-0.1093280017375946,0.9940029978752136,0,-0.0051739998161792755,0.08614300191402435,0,1
B45,mixamorig_RightHandMiddle3,44,0.9997990131378174,0.019948000088334084,0.001908999984152615,0,-0.02003300003707409,0.9973819851875305,0.0694890022277832,0,-0.0005179999861866236,-0.06951399892568588,0.9975810050964355,0,0.0024939998984336853,0.08588500320911407,0,1
B46,mixamorig_RightHandMiddle4,45,1,0,0,0,0,1,0,0,0,0,1,0,0.00267999991774559,0.06950999796390533,0,1
B47,mixamorig_RightHandRing1,34,0.9999150037765503,-0.0030239999759942293,-0.012666000053286552,0,0.007360999938100576,0.9336050152778625,0.35822901129722595,0,0.010741716250777245,-0.35829100012779236,0.9335479736328125,0,-0.044840000569820404,0.2629069983959198,-0.015855999663472176,1
B48,mixamorig_RightHandRing2,47,0.9865120053291321,0.16025927662849426,0.033326998353004456,0,-0.1612509936094284,0.9164680242538452,0.36617428064346313,0,0.028139999136328697,-0.36660999059677124,0.9299489855766296,0,-0.00725799985229969,0.08541399985551834,0,1
B49,mixamorig_RightHandRing3,48,0.994638979434967,0.09708700329065323,0.03558899834752083,0,-0.10296499729156494,0.8982040286064148,0.4273490011692047,0,0.009523283690214157,-0.42872270941734314,0.9033859968185425,0,0.002257999964058399,0.07964599877595901,0,1
B50,mixamorig_RightHandRing4,49,1,0,0,0,0,1,0,0,0,0,1,0,0.004999999888241291,0.06913899630308151,0,1
B51,mixamorig_RightHandPinky1,34,0.9782800078392029,0.1965309977531433,0.06590999662876129,0,-0.20439499616622925,0.8616210222244263,0.46457698941230774,0,0.03451500087976456,-0.4679577052593231,0.8830770254135132,0,-0.11606699973344803,0.21008899807929993,-0.011547000147402287,1
B52,mixamorig_RightHandPinky2,51,0.9713680148124695,0.22582300007343292,0.0738070011138916,0,-0.22484099864959717,0.7734439969062805,0.5926480293273926,0,0.07674799859523773,-0.592274010181427,0.8020730018615723,0,-0.0071840002201497555,0.0709180012345314,0,1
B53,mixamorig_RightHandPinky3,52,0.9855070114135742,0.10796800255775452,0.13083699345588684,0,-0.16770128905773163,0.5040479898452759,0.8472380042076111,0,0.02552671544253826,-0.8568999767303467,0.5148500204086304,0,0.0032259998843073845,0.05860700085759163,0,1
B54,mixamorig_RightHandPinky4,53,1,0,0,0,0,1,0,0,0,0,1,0,0.003957999870181084,0.0517750009894371,0,1
B55,mixamorig_LeftUpLeg,0,-0.9667710661888123,-0.25093913078308105,0.016432208940386772,0,0.12092483043670654,-0.3986743092536926,0.9065463542938232,0,-0.2191784828901291,0.8793779611587524,0.41712796688079834,0,0.2560949921607971,-0.15797199308872223,-0.040674999356269836,1
B56,mixamorig_LeftLeg,55,0.9987719058990479,-0.022739527747035027,-0.04400062933564186,0,-0.0415070578455925,0.09863456338644028,-0.9936234951019287,0,0.026974890381097794,0.994229793548584,0.09756729006767273,0,0,1.3753329515457153,0,1
B57,mixamorig_LeftFoot,56,0.9223638772964478,-0.25800323486328125,0.2870140075683594,0,-0.29840412735939026,-0.00625633355230093,0.9542344212532043,0,-0.24432574212551117,-0.9659028053283691,-0.08260304480791092,0,0,1.2331180572509766,0,1
B58,mixamorig_LeftToeBase,57,0.9282150864601135,-0.1092231497168541,0.35542675852775574,0,-0.2087843269109726,0.6382900476455688,0.7405763864517212,0,-0.3077678084373474,-0.7616167068481445,0.569667398929596,0,0,0.4137510061264038,0,1
B59,mixamorig_LeftToe_End,58,1,0,0,0,0,1,0,0,0,0,1,0,0,0.16649700701236725,0,1
B60,mixamorig_RightUpLeg,0,-0.8538224697113037,0.16604793071746826,-0.4928794801235199,0,-0.45144444704055786,0.23340724408626556,0.8609506487846375,0,0.25817716121673584,0.9579554796218872,-0.12407523393630981,0,-0.2560949921607971,-0.15797199308872223,-0.039340000599622726,1
B61,mixamorig_RightLeg,60,0.9842156171798706,-0.12988412380218506,-0.12001146376132965,0,0.05703381448984146,0.8755334615707397,-0.4787508249282837,0,0.16742666065692902,0.4643210172653198,0.8691374063491821,0,0,1.3753269910812378,0,1
B62,mixamorig_RightFoot,61,0.9459725618362427,-0.1532212793827057,-0.2855600416660309,0,0.17275580763816833,0.9839184284210205,0.044370267540216446,0,0.2741919755935669,-0.09126564860343933,0.9573209285736084,0,0,1.2327829599380493,0,1
B63,mixamorig_RightToeBase,62,0.9725366234779358,-0.010951749980449677,-0.23181582987308502,0,0.13325893878936768,0.8451360464096069,0.5166502594947815,0,0.190277561545372,-0.5333445072174072,0.8233862519264221,0,0,0.41258499026298523,0,1
B64,mixamorig_RightToe_End,63,1,0,0,0,0,1,0,0,0,0,1,0,0,0.16634300351142883,0,1
@52,0,1,2,3,4,5,7,8,9,10,11,12,13,15,16,17,19,20,21,23,24,25,27,28,29,31,32,33,34,35,36,37,39,40,41,43,44,45,47,48,49,51,52,53,55,56,57,58,60,61,62,63
K0.000,0.8390139937400818,0.03546199947595596,-0.5429520010948181,0,0.3336319923400879,0.7547420263290405,0.5648490190505981,0,0.4298189878463745,-0.6550629734992981,0.6214079856872559,0,0.07847899943590164,2.1062049865722656,0.06699100136756897,1,0.9991520047187805,0.0007529999711550772,-0.041168998926877975,0,0.011164999566972256,0.9574189782142639,0.2884860038757324,0,0.03963400050997734,-0.28870099782943726,0.9565989971160889,0,0,0.28454700112342834,-0.03201499953866005,1,0.9999849796295166,-0.0026130001060664654,-0.004790999926626682,0,0.003727999981492758,0.9682419896125793,0.24998800456523895,0,0.003986000083386898,-0.2500019967556,0.9682369828224182,0,0,0.3340660035610199,0,1,0.9999889731407166,-0.0019120000069960952,-0.004286999814212322,0,0.0028780000284314156,0.9712790250778198,0.23792800307273865,0,0.0037090000696480274,-0.23793800175189972,0.9712730050086975,0,0,0.38179001212120056,0,1,0.9937360286712646,-0.021862000226974487,0.10959699749946594,0,0.041728001087903976,0.9823369979858398,-0.18240700662136078,0,-0.10367300361394882,0.1858370006084442,0.9770960211753845,0,0,0.42951399087905884,0,1,0.8005459904670715,0.518589973449707,0.30031800270080566,0,0.07216300070285797,0.4140700101852417,-0.9073799848556519,0,-0.5949109792709351,0.748071014881134,0.29405900835990906,0,0,0.2276429980993271,0.060318998992443085,1,0.08607199788093567,0.014291999861598015,-0.9961860179901123,0,0.835237979888916,-0.5461130142211914,0.06433100253343582,0,-0.5431110262870789,-0.8375890254974365,-0.0589429996907711,0,0.16997399926185608,0.3685550093650818,-0.008461999706923962,1,0.9676110148429871,0.2262219935655594,-0.11204099655151367,0,-0.15603600442409515,0.8848329782485962,0.43900200724601746,0,0.1984499990940094,-0.4072999954223633,0.8914729952812195,0,0,0.36368298530578613,0,1,0.9143109917640686,0.4049549996852875,0.006916999816894531,0,-0.40490999817848206,0.9135550260543823,0.03826899826526642,0,0.009177999570965767,-0.03779099881649017,0.999243974685669,0,0,0.7414150238037109,0,1,0.9390019774436951,0.14742399752140045,0.3107120096683502,0,-0.254285991191864,0.9058989882469177,0.33865201473236084,0,-0.2315479964017868,-0.39700400829315186,0.8881289958953857,0,0,0.7164419889450073,0,1,0.8779829740524292,0.3298510015010834,0.34690600633621216,0,-0.4552609920501709,0.7993289828300476,0.3921869993209839,0,-0.14792899787425995,-0.5022670030593872,0.8519650101661682,0,-0.05294099822640419,0.08002900332212448,0.06036200001835823,1,0.9798070192337036,0.036720000207424164,0.19654299318790436,0,-0.052170999348163605,0.9958909749984741,0.07402399927377701,0,-0.19301700592041016,-0.08278299868106842,0.9776970148086548,0,-0.024449000135064125,0.08733200281858444,0,1,0.8504850268363953,0.5237200260162354,-0.04892199859023094,0,-0.5241649746894836,0.8360819816589355,-0.16192199289798737,0,-0.04389899969100952,0.1633549928665161,0.9855899810791016,0,0.010323000140488148,0.09297499805688858,0,1,0.9239270091056824,0.3801819980144501,-0.04266300052404404,0,-0.3825649917125702,0.9176939725875854,-0.10715500265359879,0,-0.0015869999770075083,0.11532499641180038,0.9933270215988159,0,-0.1271979957818985,0.3301219940185547,-0.00661400007084012,1,0.9944339990615845,-0.10461500287055969,-0.01247899979352951,0,0.10434400290250778,0.9615569710731506,0.25400999188423157,0,-0.014573999680578709,-0.2538990080356598,0.9671210050582886,0,0.004093000199645758,0.08040200173854828,0,1,0.9990389943122864,-0.043765999376773834,-0.002225999953225255,0,0.04378499835729599,0.9947829842567444,0.0921429991722107,0,-0.0018179999897256494,-0.09215199947357178,0.9957429766654968,0,-0.0012730000307783484,0.07176800072193146,0,1,0.9726369976997375,0.22761300206184387,0.046581998467445374,0,-0.2310360074043274,0.9687100052833557,0.09067700058221817,0,-0.024484999477863312,-0.09895800054073334,0.9947900176048279,0,-0.04712500050663948,0.29318100214004517,-0.022520000115036964,1,0.9914799928665161,-0.12894999980926514,-0.018404999747872353,0,0.12929099798202515,0.9570930004119873,0.25933998823165894,0,-0.0158270001411438,-0.25951001048088074,0.9656109809875488,0,0.006639999803155661,0.09613300114870071,0,1,0.9983199834823608,-0.05794600024819374,-0.00021300000662449747,0,0.057718999683856964,0.9940789937973022,0.09206700325012207,0,-0.005123000126332045,-0.0919250026345253,0.9957529902458191,0,-0.0018439999548718333,0.08786199986934662,0,1,0.9969260096549988,-0.07792700082063675,0.0080960001796484,0,0.0743430033326149,0.9735299944877625,0.21613000333309174,0,-0.024723999202251434,-0.21486400067806244,0.9763309955596924,0,0.053543999791145325,0.29100799560546875,-0.019807999953627586,1,0.9674019813537598,-0.23126499354839325,-0.1032010018825531,0,0.22325199842453003,0.586421012878418,0.7786329984664917,0,-0.11955100297927856,-0.776291012763977,0.6189349889755249,0,0.005867999978363514,0.07867699861526489,0,1,0.9917389750480652,-0.10944899916648865,-0.06688500195741653,0,0.1274379938840866,0.7815120220184326,0.6107360124588013,0,-0.014573000371456146,-0.6142150163650513,0.7890040278434753,0,-0.0028119999915361404,0.07310599833726883,0,1,0.9857289791107178,-0.1595509946346283,0.05367400124669075,0,0.14504699409008026,0.9668359756469727,0.21021300554275513,0,-0.0854329988360405,-0.1994280070066452,0.9761809706687927,0,0.12077999860048294,0.2229979932308197,-0.00686099985614419,1,0.9580569863319397,-0.26224398612976074,-0.11556000262498856,0,0.2527489960193634,0.5831649899482727,0.7720339894294739,0,-0.13507099449634552,-0.7688609957695007,0.624987006187439,0,0.007691000122576952,0.058476999402046204,0,1,0.9935269951820374,-0.08057799935340881,-0.0800739973783493,0,0.11282899975776672,0.7818740010261536,0.6131410002708435,0,0.0132020004093647,-0.6182069778442383,0.7859039902687073,0,-0.0036830001045018435,0.057537999004125595,0,1,0.42452698945999146,0.01617100089788437,0.9052709937095642,0,-0.774058997631073,-0.5121930241584778,0.37214499711990356,0,0.4696919918060303,-0.8587179780006409,-0.20492200553417206,0,-0.16997399926185608,0.3681989908218384,-0.005295000039041042,1,0.2449679970741272,-0.4918000102043152,-0.8355380296707153,0,0.30652499198913574,0.8568770289421082,-0.41449201107025146,0,0.9198009967803955,-0.15457600355148315,0.3606559932231903,0,0,0.36368298530578613,0,1,0.42910701036453247,-0.9017829895019531,-0.05152500048279762,0,0.9016709923744202,0.4242820143699646,0.08350999653339386,0,-0.05344599857926369,-0.08229299634695053,0.995173990726471,0,0,0.7402600049972534,0,1,0.5690720081329346,-0.3772599995136261,0.7306380271911621,0,0.6995970010757446,0.6890599727630615,-0.18910400569438934,0,-0.4321120083332062,0.6187660098075867,0.6560549736022949,0,0,0.715919017791748,0,1,0.9122229814529419,-0.2395080029964447,-0.33239299058914185,0,0.39844900369644165,0.707431972026825,0.583761990070343,0,0.09532999992370605,-0.6649630069732666,0.7407680153846741,0,0.05251700058579445,0.0796549990773201,0.05785299837589264,1,0.9964410066604614,0.05905500054359436,-0.060155998915433884,0,-0.06438300013542175,0.9937809705734253,-0.09085399657487869,0,0.054416000843048096,0.09440399706363678,0.9940459728240967,0,0.021980000659823418,0.08651500195264816,0,1,0.9468179941177368,0.3094269931316376,-0.08826199918985367,0,-0.3200100064277649,0.8768839836120605,-0.35870200395584106,0,-0.03359600156545639,0.3678700029850006,0.9292700290679932,0,-0.009847999550402164,0.09419199824333191,0,1,0.9915189743041992,-0.12936300039291382,-0.012430000118911266,0,0.1254040002822876,0.97748202085495,-0.16971400380134583,0,0.03410499915480614,0.16671599447727203,0.985414981842041,0,0.12092000246047974,0.31066200137138367,-0.010487999767065048,1,0.9976670145988464,0.06817799806594849,0.0035689999349415302,0,-0.06816300004720688,0.9917839765548706,0.10825300216674805,0,0.0038399999029934406,-0.10824400186538696,0.994117021560669,0,-0.0020759999752044678,0.08308299630880356,0,1,0.9997090101242065,-0.024095000699162483,0.000775999971665442,0,0.023933999240398407,0.9958480000495911,0.08782999962568283,0,-0.0028890001121908426,-0.0877859964966774,0.9961349964141846,0,0.002429000101983547,0.08299700170755386,0,1,0.9897210001945496,-0.13686800003051758,-0.041467998176813126,0,0.13832400739192963,0.9897850155830383,0.03453800082206726,0,0.036316998302936554,-0.03991900011897087,0.9985430240631104,0,0.039987001568078995,0.308353990316391,-0.017412999644875526,1,0.9944180250167847,0.10512799769639969,0.009045000188052654,0,-0.10548699647188187,0.9884309768676758,0.10898199677467346,0,0.002517000073567033,-0.10932700335979462,0.9940029978752136,0,-0.0051739998161792755,0.08614300191402435,0,1,0.9997990131378174,0.01994900032877922,0.001908999984152615,0,-0.02003300003707409,0.9973819851875305,0.0694890022277832,0,-0.0005179999861866236,-0.06951399892568588,0.9975810050964355,0,0.0024939998984336853,0.08588500320911407,0,1,0.9999150037765503,-0.0030239999759942293,-0.012666000053286552,0,0.007360999938100576,0.9336050152778625,0.35822799801826477,0,0.010741000063717365,-0.35829100012779236,0.9335479736328125,0,-0.044840000569820404,0.2629069983959198,-0.015855999663472176,1,0.9865120053291321,0.16025899350643158,0.033326998353004456,0,-0.1612509936094284,0.9164680242538452,0.36617499589920044,0,0.028139999136328697,-0.36660999059677124,0.9299489855766296,0,-0.00725799985229969,0.08541399985551834,0,1,0.994638979434967,0.09708700329065323,0.03558899834752083,0,-0.10296499729156494,0.8982040286064148,0.4273490011692047,0,0.009523999877274036,-0.428723007440567,0.9033859968185425,0,0.002257999964058399,0.07964599877595901,0,1,0.9782800078392029,0.1965309977531433,0.06590999662876129,0,-0.20439499616622925,0.8616210222244263,0.46457698941230774,0,0.03451500087976456,-0.467958003282547,0.8830770254135132,0,-0.11606699973344803,0.21008899807929993,-0.011547000147402287,1,0.9713680148124695,0.22582300007343292,0.0738070011138916,0,-0.22484000027179718,0.7734439969062805,0.5926470160484314,0,0.07674799859523773,-0.592274010181427,0.8020730018615723,0,-0.0071840002201497555,0.0709180012345314,0,1,0.9855070114135742,0.10796800255775452,0.13083699345588684,0,-0.16770200431346893,0.5040479898452759,0.8472380042076111,0,0.025526000186800957,-0.8568999767303467,0.5148490071296692,0,0.0032259998843073845,0.05860700085759163,0,1,-0.9810889959335327,-0.18914400041103363,0.041085999459028244,0,-0.008844999596476555,0.25586000084877014,0.9666730165481567,0,-0.19335299730300903,0.9480299949645996,-0.2526940107345581,0,0.2560949921607971,-0.15797199308872223,-0.040674999356269836,1,0.9915570020675659,0.11766199767589569,-0.054506998509168625,0,-0.02159699983894825,-0.2646220028400421,-0.9641100168228149,0,-0.12786300480365753,0.9571470022201538,-0.2598460018634796,0,0,1.3753329515457153,0,1,0.9337069988250732,0.02253899909555912,0.35732901096343994,0,-0.3312140107154846,0.4333980083465576,0.8381310105323792,0,-0.13597500324249268,-0.9009209871292114,0.41213101148605347,0,0,1.2331180572509766,0,1,0.9640060067176819,-0.011103999800980091,0.2656469941139221,0,-0.14795300364494324,0.8077419996261597,0.5706689953804016,0,-0.22091099619865417,-0.5894320011138916,0.7770249843597412,0,0,0.4137510061264038,0,1,-0.9657719731330872,-0.24777700006961823,0.07674799859523773,0,0.06481599807739258,0.05597100034356117,0.9963260293006897,0,-0.2511630058288574,0.9671990275382996,-0.037994999438524246,0,-0.2560949921607971,-0.15797199308872223,-0.039340000599622726,1,0.9909740090370178,-0.13137300312519073,0.026660999283194542,0,0.025047000497579575,-0.013922000303864479,-0.9995890259742737,0,0.13169099390506744,0.9912350177764893,-0.010506000369787216,0,0,1.3753269910812378,0,1,0.8822780251502991,-0.06694400310516357,-0.46594399213790894,0,0.4613719880580902,-0.07339099794626236,0.8841660022735596,0,-0.0933850035071373,-0.9950540065765381,-0.03386500105261803,0,0,1.2327829599380493,0,1,0.9675329923629761,0.004046999849379063,-0.2527120113372803,0,0.1418289989233017,0.8189100027084351,0.5561209917068481,0,0.209198996424675,-0.5739079713821411,0.7917490005493164,0,0,0.41258499026298523,0,1
K0.033,0.8695762157440186,0.011892803013324738,-0.4936555027961731,0,0.3151317834854126,0.7562990188598633,0.5733261108398438,0,0.38016948103904724,-0.654118001461029,0.6539122462272644,0,0.08345109224319458,2.1114389896392822,0.018308665603399277,1,0.996942937374115,-0.009409181773662567,-0.07756935805082321,0,0.03190827742218971,0.9552000164985657,0.2942359447479248,0,0.07132528722286224,-0.2958119809627533,0.9525799751281738,0,0,0.28454700112342834,-0.03201499953866005,1,0.9999520182609558,-0.003610022831708193,-0.009126048535108566,0,0.0058080339804291725,0.9672589898109436,0.25372400879859924,0,0.007911041378974915,-0.2537649869918823,0.9672340154647827,0,0,0.3340660035610199,0,1,0.9999560117721558,-0.00331602874211967,-0.008790048770606518,0,0.005342039745301008,0.970337986946106,0.24169398844242096,0,0.0077280402183532715,-0.2417300045490265,0.9703130125999451,0,0,0.38179001212120056,0,1,0.9939470291137695,-0.02609609253704548,0.10671496391296387,0,0.04725410044193268,0.9784809350967407,-0.2008511871099472,0,-0.09917693585157394,0.20467819273471832,0.9737919569015503,0,0,0.42951399087905884,0,1,0.8119150400161743,0.5058809518814087,0.2913399934768677,0,0.06919492781162262,0.412148118019104,-0.9084859490394592,0,-0.579660952091217,0.7577719688415527,0.2996251583099365,0,0,0.2276429980993271,0.060318998992443085,1,0.07640787214040756,0.015773020684719086,-0.9969519972801208,0,0.8263399004936218,-0.5605311989784241,0.054462872445583344,0,-0.5579642057418823,-0.8279829025268555,-0.05586295202374458,0,0.16997399926185608,0.3685550093650818,-0.008461999706923962,1,0.9582608938217163,0.2588542401790619,-0.12137219309806824,0,-0.18196113407611847,0.8796510100364685,0.4394359588623047,0,0.22051525115966797,-0.3990088701248169,0.8900359869003296,0,0,0.36368298530578613,0,1,0.9159150123596191,0.4013160169124603,0.0067650009877979755,0,-0.4012720286846161,0.9151740074157715,0.037925004959106445,0,0.009029000997543335,-0.03745100274682045,0.9992579817771912,0,0,0.7414150238037109,0,1,0.929129958152771,0.16896606981754303,0.3288901448249817,0,-0.2846091389656067,0.8946369290351868,0.3444160521030426,0,-0.2360420823097229,-0.41361215710639954,0.8793229460716248,0,0,0.7164419889450073,0,1,0.8779829740524292,0.3298510015010834,0.34690600633621216,0,-0.4552609920501709,0.7993289828300476,0.3921869993209839,0,-0.14792899787425995,-0.5022670030593872,0.8519650101661682,0,-0.05294099822640419,0.08002900332212448,0.06036200001835823,1,0.9798070192337036,0.036719001829624176,0.19654299318790436,0,-0.052170999348163605,0.9958909749984741,0.07402399927377701,0,-0.19301700592041016,-0.08278299868106842,0.9776970148086548,0,-0.024449000135064125,0.08733200281858444,0,1,0.8504850268363953,0.5237200260162354,-0.04892199859023094,0,-0.5241649746894836,0.8360819816589355,-0.16192199289798737,0,-0.04389899969100952,0.1633549928665161,0.9855899810791016,0,0.010323000140488148,0.09297499805688858,0,1,0.9239270091056824,0.3801819980144501,-0.04266300052404404,0,-0.3825649917125702,0.9176939725875854,-0.10715500265359879,0,-0.0015869999770075083,0.11532499641180038,0.9933270215988159,0,-0.1271979957818985,0.3301219940185547,-0.00661400007084012,1,0.9944339990615845,-0.10461500287055969,-0.012480000033974648,0,0.10434400290250778,0.9615569710731506,0.25400999188423157,0,-0.014573999680578709,-0.2538990080356598,0.9671210050582886,0,0.004093000199645758,0.08040200173854828,0,1,0.9990389943122864,-0.043765999376773834,-0.002225999953225255,0,0.04378499835729599,0.9947829842567444,0.0921429991722107,0,-0.0018179999897256494,-0.09215100109577179,0.9957429766654968,0,-0.0012730000307783484,0.07176800072193146,0,1,0.9726369976997375,0.22761300206184387,0.046581998467445374,0,-0.2310360074043274,0.9687100052833557,0.09067799896001816,0,-0.024484999477863312,-0.09895899891853333,0.9947900176048279,0,-0.04712500050663948,0.29318100214004517,-0.022520000115036964,1,0.9914799928665161,-0.12894999980926514,-0.018404999747872353,0,0.12929099798202515,0.9570930004119873,0.25933998823165894,0,-0.015825999900698662,-0.25951001048088074,0.9656109809875488,0,0.006639999803155661,0.09613300114870071,0,1,0.9983199834823608,-0.05794600024819374,-0.00021300000662449747,0,0.057718999683856964,0.9940789937973022,0.09206700325012207,0,-0.005123000126332045,-0.09192399680614471,0.9957529902458191,0,-0.0018439999548718333,0.08786199986934662,0,1,0.9969260096549988,-0.07792700082063675,0.0080960001796484,0,0.0743430033326149,0.9735299944877625,0.21613000333309174,0,-0.02472499944269657,-0.21486400067806244,0.9763309955596924,0,0.053543999791145325,0.29100799560546875,-0.019807999953627586,1,0.9674019813537598,-0.23126499354839325,-0.1032010018825531,0,0.22325199842453003,0.5864199995994568,0.7786329984664917,0,-0.11955100297927856,-0.776291012763977,0.6189349889755249,0,0.005867999978363514,0.07867699861526489,0,1,0.9917389750480652,-0.10944899916648865,-0.06688500195741653,0,0.1274379938840866,0.7815120220184326,0.6107360124588013,0,-0.014573000371456146,-0.6142150163650513,0.7890040278434753,0,-0.0028119999915361404,0.07310599833726883,0,1,0.9857289791107178,-0.1595509946346283,0.05367400124669075,0,0.14504699409008026,0.9668359756469727,0.21021300554275513,0,-0.0854329988360405,-0.1994280070066452,0.9761809706687927,0,0.12077999860048294,0.2229979932308197,-0.00686099985614419,1,0.9580569863319397,-0.26224398612976074,-0.11556000262498856,0,0.2527489960193634,0.5831649899482727,0.7720339894294739,0,-0.13507099449634552,-0.7688609957695007,0.624987006187439,0,0.007691000122576952,0.058476999402046204,0,1,0.9935269951820374,-0.08057799935340881,-0.0800739973783493,0,0.11282899975776672,0.7818740010261536,0.6131410002708435,0,0.0132020004093647,-0.6182069778442383,0.7859039902687073,0,-0.0036830001045018435,0.057537999004125595,0,1,0.4324100613594055,0.014214985072612762,0.9015650153160095,0,-0.7781180143356323,-0.49931392073631287,0.38107505440711975,0,0.4555809199810028,-0.8663040399551392,-0.20484699308872223,0,-0.16997399926185608,0.3681989908218384,-0.005295000039041042,1,0.2269289791584015,-0.4973590075969696,-0.8373389840126038,0,0.3312302827835083,0.8479309678077698,-0.41388291120529175,0,0.9158548712730408,-0.1834302693605423,0.35716110467910767,0,0,0.36368298530578613,0,1,0.4113559424877167,-0.9099230766296387,-0.05316900834441185,0,0.9098100662231445,0.40638095140457153,0.08426299691200256,0,-0.05506600812077522,-0.08303599804639816,0.9950240254402161,0,0,0.7402600049972534,0,1,0.5475917458534241,-0.3782869577407837,0.7463521957397461,0,0.7034040093421936,0.6911940574645996,-0.16575075685977936,0,-0.4531732499599457,0.6157509684562683,0.6445809006690979,0,0,0.715919017791748,0,1,0.9122229814529419,-0.2395080029964447,-0.33239299058914185,0,0.39844900369644165,0.707431972026825,0.583761990070343,0,0.09532999992370605,-0.6649630069732666,0.7407680153846741,0,0.05251700058579445,0.0796549990773201,0.05785299837589264,1,0.9964410066604614,0.05905599892139435,-0.060155998915433884,0,-0.06438300013542175,0.9937809705734253,-0.09085399657487869,0,0.054416999220848083,0.09440399706363678,0.9940459728240967,0,0.021980000659823418,0.08651500195264816,0,1,0.9468179941177368,0.3094269931316376,-0.08826199918985367,0,-0.3200100064277649,0.8768849968910217,-0.35870200395584106,0,-0.03359699994325638,0.3678700029850006,0.9292700290679932,0,-0.009847999550402164,0.09419199824333191,0,1,0.9915189743041992,-0.12936300039291382,-0.012430000118911266,0,0.1254040002822876,0.97748202085495,-0.16971400380134583,0,0.03410499915480614,0.16671599447727203,0.985414981842041,0,0.12092000246047974,0.31066200137138367,-0.010487999767065048,1,0.9976670145988464,0.06817799806594849,0.0035689999349415302,0,-0.06816300004720688,0.9917839765548706,0.10825300216674805,0,0.0038399999029934406,-0.10824400186538696,0.994117021560669,0,-0.0020759999752044678,0.08308299630880356,0,1,0.9997090101242065,-0.024095000699162483,0.000775999971665442,0,0.023933999240398407,0.9958480000495911,0.08782999962568283,0,-0.0028890001121908426,-0.0877859964966774,0.9961349964141846,0,0.002429000101983547,0.08299700170755386,0,1,0.9897210001945496,-0.13686800003051758,-0.041467998176813126,0,0.13832400739192963,0.9897850155830383,0.03453800082206726,0,0.036316998302936554,-0.03991900011897087,0.9985430240631104,0,0.039987001568078995,0.308353990316391,-0.017412999644875526,1,0.9944180250167847,0.10512799769639969,0.009045000188052654,0,-0.10548699647188187,0.9884309768676758,0.10898199677467346,0,0.002517000073567033,-0.1093280017375946,0.9940029978752136,0,-0.0051739998161792755,0.08614300191402435,0,1,0.9997990131378174,0.01994900032877922,0.001908999984152615,0,-0.02003300003707409,0.9973819851875305,0.0694890022277832,0,-0.0005179999861866236,-0.06951399892568588,0.9975810050964355,0,0.0024939998984336853,0.08588500320911407,0,1,0.9999150037765503,-0.0030239999759942293,-0.012666000053286552,0,0.007360999938100576,0.9336050152778625,0.35822901129722595,0,0.010741000063717365,-0.35829100012779236,0.9335479736328125,0,-0.044840000569820404,0.2629069983959198,-0.015855999663472176,1,0.9865120053291321,0.16026000678539276,0.033326998353004456,0,-0.1612509936094284,0.9164680242538452,0.36617499589920044,0,0.028139999136328697,-0.36660999059677124,0.9299489855766296,0,-0.00725799985229969,0.08541399985551834,0,1,0.994638979434967,0.09708700329065323,0.03558899834752083,0,-0.10296499729156494,0.8982040286064148,0.4273490011692047,0,0.0095229996368289,-0.428723007440567,0.9033859968185425,0,0.002257999964058399,0.07964599877595901,0,1,0.9782800078392029,0.1965309977531433,0.06590999662876129,0,-0.20439499616622925,0.8616210222244263,0.46457698941230774,0,0.03451500087976456,-0.467958003282547,0.8830770254135132,0,-0.11606699973344803,0.21008899807929993,-0.011547000147402287,1,0.9713680148124695,0.22582300007343292,0.0738070011138916,0,-0.22484000027179718,0.7734439969062805,0.5926470160484314,0,0.07674799859523773,-0.592274010181427,0.8020730018615723,0,-0.0071840002201497555,0.0709180012345314,0,1,0.9855070114135742,0.10796800255775452,0.13083699345588684,0,-0.16770200431346893,0.5040479898452759,0.8472380042076111,0,0.025526000186800957,-0.8568999767303467,0.5148500204086304,0,0.0032259998843073845,0.05860700085759163,0,1,-0.9935680031776428,-0.11179132759571075,-0.01805156283080578,0,-0.060448259115219116,0.3887956440448761,0.9193387031555176,0,-0.09575610607862473,0.9145167469978333,-0.3930526375770569,0,0.2560949921607971,-0.15797199308872223,-0.040674999356269836,1,0.9879590272903442,0.14849510788917542,-0.043439798057079315,0,-0.02863915078341961,-0.10039474070072174,-0.994534969329834,0,-0.15204501152038574,0.983803927898407,-0.09493274241685867,0,0,1.3753329515457153,0,1,0.9221286177635193,0.03356747329235077,0.3854246437549591,0,-0.3310053050518036,0.5841925144195557,0.7410493493080139,0,-0.2002868503332138,-0.8109206557273865,0.5498113036155701,0,0,1.2331180572509766,0,1,0.9667180180549622,-0.0032489881850779057,0.25582295656204224,0,-0.1433030068874359,0.8214700222015381,0.5519520044326782,0,-0.21194398403167725,-0.5702419877052307,0.7936649918556213,0,0,0.4137510061264038,0,1,-0.9509608149528503,-0.2874973714351654,0.11409829556941986,0,0.12550459802150726,-0.02149781957268715,0.9918598532676697,0,-0.2827041745185852,0.9575397968292236,0.056526001542806625,0,-0.2560949921607971,-0.15797199308872223,-0.039340000599622726,1,0.9929389953613281,-0.115871861577034,0.025396985933184624,0,0.025081001222133636,-0.00418483279645443,-0.9996770024299622,0,0.11594086140394211,0.9932550191879272,-0.0012498372234404087,0,0,1.3753269910812378,0,1,0.8747149109840393,-0.07921502739191055,-0.4781191051006317,0,0.46412399411201477,-0.1470618098974228,0.8734768033027649,0,-0.13950541615486145,-0.9859498143196106,-0.09187167882919312,0,0,1.2327829599380493,0,1,0.9667099714279175,0.006453023292124271,-0.2557940185070038,0,0.14288301765918732,0.815688967704773,0.5605680346488953,0,0.21226602792739868,-0.5784550309181213,0.7876119613647461,0,0,0.41258499026298523,0,1
