0.700,30,20,65
B0,mixamorig_Hips,-1,0.7277790307998657,-0.011527562513947487,0.6857132911682129,0,0.05759827420115471,0.9973527193069458,-0.04436459019780159,0,-0.6833879351615906,0.07178384065628052,0.7265177965164185,0,-0.014622231014072895,2.7349677085876465,0.018184417858719826,1
B1,mixamorig_Spine,0,0.9991301894187927,-0.04099472984671593,-0.007610596716403961,0,0.04166606068611145,0.9884442687034607,0.14574508368968964,0,0.0015482264570891857,-0.1459347903728485,0.9892925024032593,0,0,0.28454700112342834,-0.03201499953866005,1
B2,mixamorig_Spine1,1,0.9922747611999512,-0.11783498525619507,-0.03880484029650688,0,0.12160052359104156,0.8618178367614746,0.49242642521858215,0,-0.024582330137491226,-0.49334073066711426,0.8694887757301331,0,0,0.3340660035610199,0,1
B3,mixamorig_Spine2,2,0.9922747611999512,-0.11783498525619507,-0.03880487382411957,0,0.12160052359104156,0.8618178367614746,0.49242639541625977,0,-0.024582330137491226,-0.49334073066711426,0.8694887757301331,0,0,0.38179001212120056,0,1
B4,mixamorig_Neck,3,0.9880867004394531,-0.11642668396234512,-0.10063938051462173,0,0.12917384505271912,0.9829124212265015,0.13113735616207123,0,0.08365146070718765,-0.1425749808549881,0.9862431287765503,0,0,0.42951399087905884,0,1
B5,mixamorig_Head,4,0.9915663599967957,0.0445229671895504,-0.12171343713998795,0,-0.040446747094392776,0.9985417723655701,0.035755984485149384,0,0.12312797456979752,-0.030530991032719612,0.9919204115867615,0,0,0.2276429980993271,0.060318998992443085,1
B6,mixamorig_HeadTop_End,5,1,0,0,0,0,1,0,0,0,0,1,0,0,0.6589959859848022,0.17461499571800232,1
B7,mixamorig_LeftShoulder,3,-0.05921591818332672,-0.07632556557655334,-0.9953228235244751,0,0.9780339002609253,-0.20405671000480652,-0.04253934323787689,0,-0.19985581934452057,-0.9759793877601624,0.08673252165317535,0,0.16997399926185608,0.3685550093650818,-0.008461999706923962,1
B8,mixamorig_LeftArm,7,0.8939790725708008,0.015220058150589466,0.4478481709957123,0,0.11499728262424469,0.9581581950187683,-0.2621177136898041,0,-0.43309909105300903,0.2858295738697052,0.854824960231781,0,0,0.36368298530578613,0,1
B9,mixamorig_LeftForeArm,8,0.934594988822937,0.3046209216117859,0.1836795210838318,0,-0.3316443860530853,0.9329143166542053,0.1402919441461563,0,-0.12862098217010498,-0.19203153252601624,0.9729236364364624,0,0,0.7414150238037109,0,1
B10,mixamorig_LeftHand,9,0.9833611845970154,0.17049768567085266,0.06270422786474228,0,-0.1237543597817421,0.8814167976379395,-0.4558333456516266,0,-0.13298682868480682,0.440489798784256,0.8878510594367981,0,0,0.7164419889450073,0,1
B11,mixamorig_LeftHandThumb1,10,0.9812766313552856,0.1778246909379959,-0.07395314425230026,0,-0.11366606503725052,0.8447311520576477,0.5229764580726624,0,0.15546928346157074,-0.5047798156738281,0.8491330742835999,0,-0.05294099822640419,0.08002900332212448,0.06036200001835823,1
B12,mixamorig_LeftHandThumb2,11,0.934025764465332,0.3571806252002716,0.0038742839824408293,0,-0.35710272192955017,0.9339668154716492,-0.013463122770190239,0,-0.00842794869095087,0.011190902441740036,0.9999013543128967,0,-0.024449000135064125,0.08733200281858444,0,1
B13,mixamorig_LeftHandThumb3,12,0.9977080225944519,0.06759099662303925,0.0031709999311715364,0,-0.06758899986743927,0.997713029384613,-0.0005709999823011458,0,-0.0032019999343901873,0.0003549999964889139,0.9999949932098389,0,0.010323000140488148,0.09297499805688858,0,1
B14,mixamorig_LeftHandThumb4,13,1,0,0,0,0,1,0,0,0,0,1,0,0.014125999994575977,0.07835999876260757,0,1
B15,mixamorig_LeftHandIndex1,10,0.9452252388000488,0.325668603181839,0.02213951386511326,0,-0.32620176672935486,0.9448931217193604,0.027622373774647713,0,-0.011923686601221561,-0.033332064747810364,0.999370276927948,0,-0.1271979957818985,0.3301219940185547,-0.00661400007084012,1
B16,mixamorig_LeftHandIndex2,15,0.9957132339477539,-0.09191673994064331,-0.010332870297133923,0,0.0907893106341362,0.9498727917671204,0.29916054010391235,0,-0.01768260821700096,-0.2988163232803345,0.9541465640068054,0,0.004093000199645758,0.08040200173854828,0,1
B17,mixamorig_LeftHandIndex3,16,0.9995290040969849,-0.030548999086022377,0.0028750000055879354,0,0.03054800070822239,0.9995329976081848,0.00014000000373926014,0,-0.0028780000284314156,-0.00005199999941396527,0.9999960064888,0,-0.0012730000307783484,0.07176800072193146,0,1
B18,mixamorig_LeftHandIndex4,17,1,0,0,0,0,1,0,0,0,0,1,0,-0.002819000044837594,0.0575300008058548,0,1
B19,mixamorig_LeftHandMiddle1,10,0.9987754225730896,0.04333456605672836,0.023879995569586754,0,-0.04724489152431488,0.9786337018013,0.2000979334115982,0,-0.014698284678161144,-0.20098069310188293,0.9794822931289673,0,-0.04712500050663948,0.29318100214004517,-0.022520000115036964,1
B20,mixamorig_LeftHandMiddle2,19,0.9968295097351074,-0.07876969873905182,-0.011260965839028358,0,0.0767948180437088,0.9153188467025757,0.3953372836112976,0,-0.02083343081176281,-0.39494776725769043,0.9184663891792297,0,0.006639999803155661,0.09613300114870071,0,1
B21,mixamorig_LeftHandMiddle3,20,0.9990479946136475,-0.043170999735593796,0.006324999965727329,0,0.04316899925470352,0.999068021774292,0.0004039999912492931,0,-0.00633700005710125,-0.00013000000035390258,0.9999799728393555,0,-0.0018439999548718333,0.08786199986934662,0,1
B22,mixamorig_LeftHandMiddle4,21,1,0,0,0,0,1,0,0,0,0,1,0,-0.004796000197529793,0.07533500343561172,0,1
B23,mixamorig_LeftHandRing1,10,0.9960184693336487,-0.07419046759605408,0.04941852390766144,0,0.04233158379793167,0.8815292716026306,0.47022268176078796,0,-0.07845062762498856,-0.4662579894065857,0.8811602592468262,0,0.053543999791145325,0.29100799560546875,-0.019807999953627586,1
B24,mixamorig_LeftHandRing2,23,0.9949599504470825,-0.09591218084096909,-0.029254913330078125,0,0.09604508429765701,0.8276926875114441,0.552898645401001,0,-0.028815213590860367,-0.5529219508171082,0.8327327966690063,0,0.005867999978363514,0.07867699861526489,0,1
B25,mixamorig_LeftHandRing3,24,0.9999060034751892,-0.013593999668955803,0.0016509999986737967,0,0.013593999668955803,0.9999079704284668,0.00008499999967170879,0,-0.00165200000628829,-0.00006299999949987978,0.9999989867210388,0,-0.0028119999915361404,0.07310599833726883,0,1
B26,mixamorig_LeftHandRing4,25,1,0,0,0,0,1,0,0,0,0,1,0,-0.0030559999868273735,0.05968699976801872,0,1
B27,mixamorig_LeftHandPinky1,10,0.9971787333488464,-0.06686820834875107,0.034109797328710556,0,0.0394839271903038,0.8536933660507202,0.5192685723304749,0,-0.06384006887674332,-0.5164570808410645,0.8539252281188965,0,0.12077999860048294,0.2229979932308197,-0.00686099985614419,1
B28,mixamorig_LeftHandPinky2,27,0.9944177269935608,-0.0906391441822052,-0.05401703715324402,0,0.10380830615758896,0.7487314343452454,0.6546921133995056,0,-0.018896499648690224,-0.6566449999809265,0.7539618015289307,0,0.007691000122576952,0.058476999402046204,0,1
B29,mixamorig_LeftHandPinky3,28,0.9997209906578064,-0.02361699938774109,0.00031999999191612005,0,0.02361699938774109,0.9997209906578064,0.00002700000004551839,0,-0.00031999999191612005,-0.000019999999494757503,1,0,-0.0036830001045018435,0.057537999004125595,0,1
B30,mixamorig_LeftHandPinky4,29,1,0,0,0,0,1,0,0,0,0,1,0,-0.004009000025689602,0.04541200026869774,0,1
B31,mixamorig_RightShoulder,3,-0.23452343046665192,0.10117276012897491,0.9668312072753906,0,-0.9597852826118469,-0.18196940422058105,-0.21377240121364594,0,0.15430663526058197,-0.9780848622322083,0.139780193567276,0,-0.16997399926185608,0.3681989908218384,-0.005295000039041042,1
B32,mixamorig_RightArm,31,0.8982698917388916,0.14696535468101501,-0.4141397178173065,0,-0.23170292377471924,0.9591715335845947,-0.162184938788414,0,0.37339600920677185,0.2416435182094574,0.8956469297409058,0,0,0.36368298530578613,0,1
B33,mixamorig_RightForeArm,32,0.9062972068786621,-0.4156380295753479,-0.07656174898147583,0,0.42040276527404785,0.9051795601844788,0.06246577948331833,0,0.043338850140571594,-0.08879901468753815,0.99510657787323,0,0,0.7402600049972534,0,1
B34,mixamorig_RightHand,33,0.9980108141899109,-0.024676596745848656,-0.05776406452059746,0,-0.011834198608994484,0.8292881846427917,-0.5586917400360107,0,0.06168879196047783,0.5582758784294128,0.8273446559906006,0,0,0.715919017791748,0,1
B35,mixamorig_RightHandThumb1,34,0.9355340600013733,-0.2935558557510376,-0.19645293056964874,0,0.3515394330024719,0.8280139565467834,0.4368104040622711,0,0.03443368524312973,-0.47770950198173523,0.8778374791145325,0,0.05251700058579445,0.0796549990773201,0.05785299837589264,1
B36,mixamorig_RightHandThumb2,35,0.9996070861816406,0.0165389534085989,-0.02259225584566593,0,-0.018250050023198128,0.996806263923645,-0.07773653417825699,0,0.02123453840613365,0.07811834663152695,0.9967180490493774,0,0.021980000659823418,0.08651500195264816,0,1
B37,mixamorig_RightHandThumb3,36,0.9979779720306396,-0.05693696811795235,-0.02823599986732006,0,0.05683000013232231,0.9983729720115662,-0.004573000129312277,0,0.028450999408960342,0.002959033939987421,0.9995909929275513,0,-0.009847999550402164,0.09419199824333191,0,1
B38,mixamorig_RightHandThumb4,37,1,0,0,0,0,1,0,0,0,0,1,0,-0.012133000418543816,0.0746849998831749,0,1
B39,mixamorig_RightHandIndex1,34,0.9907732009887695,-0.12967239320278168,-0.039402902126312256,0,0.1311982125043869,0.9905892014503479,0.03896164149045944,0,0.03397970646619797,-0.0437721312046051,0.9984623789787292,0,0.12092000246047974,0.31066200137138367,-0.010487999767065048,1
B40,mixamorig_RightHandIndex2,39,0.996151864528656,0.08675684779882431,0.012447244487702847,0,-0.0867069810628891,0.9547709226608276,0.2844184637069702,0,0.012791122309863567,-0.2844025194644928,0.9586190581321716,0,-0.0020759999752044678,0.08308299630880356,0,1
B41,mixamorig_RightHandIndex3,40,0.9993669986724854,-0.03557800129055977,0.0008580000139772892,0,0.03557800129055977,0.9993669986724854,0.000004999999873689376,0,-0.0008580000139772892,0.00002499999936844688,1,0,0.002429000101983547,0.08299700170755386,0,1
B42,mixamorig_RightHandIndex4,41,1,0,0,0,0,1,0,0,0,0,1,0,-0.0003530000103637576,0.05992899835109711,0,1
B43,mixamorig_RightHandMiddle1,34,0.9927807450294495,-0.10452087223529816,-0.058832500129938126,0,0.11332257837057114,0.9780908823013306,0.1746244877576828,0,0.03929293155670166,-0.18003098666667938,0.9828748106956482,0,0.039987001568078995,0.308353990316391,-0.017412999644875526,1
B44,mixamorig_RightHandMiddle2,43,0.995926558971405,0.08864098787307739,0.016516026109457016,0,-0.0864221602678299,0.886186420917511,0.4551871120929718,0,0.02571164071559906,-0.4547598958015442,0.8902367949485779,0,-0.0051739998161792755,0.08614300191402435,0,1
B45,mixamorig_RightHandMiddle3,44,0.9999520182609558,0.009734000079333782,-0.0011480000102892518,0,-0.009734000079333782,0.9999529719352722,0.000045000000682193786,0,0.0011480000102892518,-0.00003400000059627928,0.9999989867210388,0,0.0024939998984336853,0.08588500320911407,0,1
B46,mixamorig_RightHandMiddle4,45,1,0,0,0,0,1,0,0,0,0,1,0,0.00267999991774559,0.06950999796390533,0,1
B47,mixamorig_RightHandRing1,34,0.996471643447876,-0.04200043901801109,-0.0726071372628212,0,0.058439504355192184,0.9685280323028564,0.24192357063293457,0,0.06016108766198158,-0.24531273543834686,0.9675642251968384,0,-0.044840000569820404,0.2629069983959198,-0.015855999663472176,1
B48,mixamorig_RightHandRing2,47,0.9968001246452332,0.07619084417819977,0.024175407364964485,0,-0.07655459642410278,0.8229196071624756,0.562968909740448,0,0.022998280823230743,-0.5630178451538086,0.8261194825172424,0,-0.00725799985229969,0.08541399985551834,0,1
B49,mixamorig_RightHandRing3,48,0.999019980430603,0.043333999812603,-0.009046000428497791,0,-0.04332999885082245,0.9990609884262085,0.0006549999816343188,0,0.009065999649465084,-0.00026203400921076536,0.9999589920043945,0,0.002257999964058399,0.07964599877595901,0,1
B50,mixamorig_RightHandRing4,49,1,0,0,0,0,1,0,0,0,0,1,0,0.004999999888241291,0.06913899630308151,0,1
B51,mixamorig_RightHandPinky1,34,0.9979556202888489,-0.05713715776801109,-0.028532085940241814,0,0.06341173499822617,0.9395884275436401,0.33637192845344543,0,0.007588391657918692,-0.33749568462371826,0.9412966966629028,0,-0.11606699973344803,0.21008899807929993,-0.011547000147402287,1
B52,mixamorig_RightHandPinky2,51,0.9982523918151855,0.0460941307246685,0.03698205202817917,0,-0.0590968057513237,0.7801569104194641,0.622782826423645,0,-0.00014526373706758022,-0.6238799095153809,0.7815170884132385,0,-0.0071840002201497555,0.0709180012345314,0,1
B53,mixamorig_RightHandPinky3,52,0.9997360110282898,0.02251296676695347,-0.004631999880075455,0,-0.02251099981367588,0.9997469782829285,0.00035799999022856355,0,0.004639000166207552,-0.0002530000056140125,0.9999889731407166,0,0.0032259998843073845,0.05860700085759163,0,1
B54,mixamorig_RightHandPinky4,53,1,0,0,0,0,1,0,0,0,0,1,0,0.003957999870181084,0.0517750009894371,0,1
B55,mixamorig_LeftUpLeg,0,-0.9519153833389282,0.025498470291495323,0.3052944839000702,0,0.26952698826789856,-0.40403079986572266,0.8741364479064941,0,0.14563795924186707,0.914389431476593,0.37773147225379944,0,0.2560949921607971,-0.15797199308872223,-0.040674999356269836,1
B56,mixamorig_LeftLeg,55,0.999724268913269,0.003568594343960285,-0.02310749515891075,0,-0.016544202342629433,-0.5905002355575562,-0.806867241859436,0,-0.01652495376765728,0.8070272207260132,-0.5902786254882812,0,0,1.3753329515457153,0,1
B57,mixamorig_LeftFoot,56,0.9311493039131165,-0.13655181229114532,0.3381028473377228,0,-0.21096430718898773,0.5545363426208496,0.8049702644348145,0,-0.29741084575653076,-0.8208755254745483,0.4875485897064209,0,0,1.2331180572509766,0,1
B58,mixamorig_LeftToeBase,57,0.9653195142745972,-0.007310394197702408,0.2609677314758301,0,-0.14569781720638275,0.8143765330314636,0.561749279499054,0,-0.21663255989551544,-0.5802903175354004,0.7850691080093384,0,0,0.4137510061264038,0,1
B59,mixamorig_LeftToe_End,58,1,0,0,0,0,1,0,0,0,0,1,0,0,0.16649700701236725,0,1
B60,mixamorig_RightUpLeg,0,-0.9206407070159912,-0.034157801419496536,-0.3889129161834717,0,-0.3367106020450592,-0.4347175657749176,0.835250198841095,0,-0.19759652018547058,0.8999167680740356,0.388718843460083,0,-0.2560949921607971,-0.15797199308872223,-0.039340000599622726,1
B61,mixamorig_RightLeg,60,0.988926112651825,0.10704237967729568,-0.10274174809455872,0,0.0076450565829873085,-0.7283176779747009,-0.6851962804794312,0,-0.1481742411851883,0.6768224239349365,-0.7210719585418701,0,0,1.3753269910812378,0,1
B62,mixamorig_RightFoot,61,0.9492217898368835,-0.015895580872893333,-0.31417322158813477,0,0.2078102082014084,0.7813980579376221,0.5883756875991821,0,0.23612713813781738,-0.6237878799438477,0.7450453042984009,0,0,1.2327829599380493,0,1
B63,mixamorig_RightToeBase,62,0.9730673432350159,-0.012456195428967476,-0.23018388450145721,0,0.13233454525470734,0.8477970361709595,0.5135439038276672,0,0.18875275552272797,-0.5301738381385803,0.8266127109527588,0,0,0.41258499026298523,0,1
B64,mixamorig_RightToe_End,63,1,0,0,0,0,1,0,0,0,0,1,0,0,0.16634300351142883,0,1
@52,0,1,2,3,4,5,7,8,9,10,11,12,13,15,16,17,19,20,21,23,24,25,27,28,29,31,32,33,34,35,36,37,39,40,41,43,44,45,47,48,49,51,52,53,55,56,57,58,60,61,62,63
K0.000,0.7254250049591064,-0.0254100002348423,0.6878319978713989,0,0.07181400060653687,0.9966580271720886,-0.03892099857330322,0,-0.684544026851654,0.07762999832630157,0.7248259782791138,0,-0.014557999558746815,2.7379019260406494,0.020191000774502754,1,0.9994490146636963,-0.030998000875115395,-0.011837000027298927,0,0.03238999843597412,0.9888569712638855,0.14530499279499054,0,0.007201000116765499,-0.14560799300670624,0.9893159866333008,0,0,0.28454700112342834,-0.03201499953866005,1,0.9927099943161011,-0.1120619997382164,-0.04436400160193443,0,0.1193460002541542,0.8626499772071838,0.4915190041065216,0,-0.01680999994277954,-0.49323099851608276,0.8697360157966614,0,0,0.3340660035610199,0,1,0.9927099943161011,-0.1120619997382164,-0.04436499997973442,0,0.1193460002541542,0.862650990486145,0.4915179908275604,0,-0.016808999702334404,-0.4932299852371216,0.8697360157966614,0,0,0.38179001212120056,0,1,0.9905380010604858,-0.10123299807310104,-0.09266100078821182,0,0.11318700015544891,0.9844350218772888,0.13444699347019196,0,0.07760799676179886,-0.14366300404071808,0.9865790009498596,0,0,0.42951399087905884,0,1,0.9914659857749939,0.03181599825620651,-0.12642599642276764,0,-0.026910999789834023,0.9988240003585815,0.04031899943947792,0,0.12756000459194183,-0.03657300025224686,0.9911559820175171,0,0,0.2276429980993271,0.060318998992443085,1,-0.06266999989748001,-0.07752099633216858,-0.9950190186500549,0,0.9776600003242493,-0.20518900454044342,-0.04558999836444855,0,-0.2006330043077469,-0.97564697265625,0.0886479988694191,0,0.16997399926185608,0.3685550093650818,-0.008461999706923962,1,0.8921149969100952,-0.0020779999904334545,0.4518040120601654,0,0.1335809975862503,0.9564970135688782,-0.2593640089035034,0,-0.43161100149154663,0.2917349934577942,0.8535820245742798,0,0,0.36368298530578613,0,1,0.9369239807128906,0.2927890121936798,0.19091199338436127,0,-0.3209019899368286,0.937034010887146,0.13780100643634796,0,-0.13854500651359558,-0.1903730034828186,0.9718869924545288,0,0,0.7414150238037109,0,1,0.9840030074119568,0.16224299371242523,0.07359399646520615,0,-0.10661199688911438,0.8672209978103638,-0.48637598752975464,0,-0.14273400604724884,0.47075000405311584,0.8706439733505249,0,0,0.7164419889450073,0,1,0.9756109714508057,0.21032799780368805,-0.06281500309705734,0,-0.14680199325084686,0.8379300236701965,0.5256630182266235,0,0.16319599747657776,-0.503620982170105,0.8483710289001465,0,-0.05294099822640419,0.08002900332212448,0.06036200001835823,1,0.9264960289001465,0.3762350082397461,0.0071840002201497555,0,-0.3760969936847687,0.9264510273933411,-0.015449999831616879,0,-0.012467999942600727,0.011611999943852425,0.9998549818992615,0,-0.024449000135064125,0.08733200281858444,0,1,0.9977080225944519,0.06758999824523926,0.0031709999311715364,0,-0.06758899986743927,0.997713029384613,-0.0005709999823011458,0,-0.0032019999343901873,0.0003549999964889139,0.9999949932098389,0,0.010323000140488148,0.09297499805688858,0,1,0.9455230236053467,0.3249480128288269,0.019863000139594078,0,-0.32485198974609375,0.945730984210968,-0.007962999865412712,0,-0.021372999995946884,0.0010770000517368317,0.999770998954773,0,-0.1271979957818985,0.3301219940185547,-0.00661400007084012,1,0.9955679774284363,-0.0934630036354065,-0.010479999706149101,0,0.09262300282716751,0.955033004283905,0.2816630005836487,0,-0.016316000372171402,-0.28138500452041626,0.9594560265541077,0,0.004093000199645758,0.08040200173854828,0,1,0.9995290040969849,-0.030548999086022377,0.0028750000055879354,0,0.03054800070822239,0.9995329976081848,0.00014000000373926014,0,-0.0028780000284314156,-0.00005199999941396527,0.9999960064888,0,-0.0012730000307783484,0.07176800072193146,0,1,0.9988160133361816,0.042987000197172165,0.022779999300837517,0,-0.046185001730918884,0.9849969744682312,0.16627700626850128,0,-0.015289999544620514,-0.16713200509548187,0.9858160018920898,0,-0.04712500050663948,0.29318100214004517,-0.022520000115036964,1,0.9967010021209717,-0.08037000149488449,-0.011264000087976456,0,0.0787540003657341,0.924340009689331,0.3733550012111664,0,-0.01959500089287758,-0.3730109930038452,0.927619993686676,0,0.006639999803155661,0.09613300114870071,0,1,0.9990479946136475,-0.043170999735593796,0.006324999965727329,0,0.04316899925470352,0.999068021774292,0.0004039999912492931,0,-0.00633700005710125,-0.00013099999341648072,0.9999799728393555,0,-0.0018439999548718333,0.08786199986934662,0,1,0.9962170124053955,-0.07203900068998337,0.048597998917102814,0,0.043724000453948975,0.898838996887207,0.4360930025577545,0,-0.07509800046682358,-0.4323180019855499,0.898589015007019,0,0.053543999791145325,0.29100799560546875,-0.019807999953627586,1,0.9949529767036438,-0.09627000242471695,-0.0282990001142025,0,0.09656199812889099,0.841920018196106,0.5308930277824402,0,-0.02728400006890297,-0.5309460163116455,0.846966028213501,0,0.005867999978363514,0.07867699861526489,0,1,0.9999060034751892,-0.013593999668955803,0.0016509999986737967,0,0.013593999668955803,0.9999079704284668,0.00008499999967170879,0,-0.00165200000628829,-0.00006299999949987978,0.9999989867210388,0,-0.0028119999915361404,0.07310599833726883,0,1,0.9968000054359436,-0.0757870003581047,0.025408999994397163,0,0.054037000983953476,0.8731510043144226,0.4844459891319275,0,-0.05889999866485596,-0.4815230071544647,0.8744519948959351,0,0.12077999860048294,0.2229979932308197,-0.00686099985614419,1,0.9943900108337402,-0.0916920006275177,-0.05272800102829933,0,0.10427100211381912,0.7661250233650208,0.634177029132843,0,-0.01775299943983555,-0.6361169815063477,0.7713879942893982,0,0.007691000122576952,0.058476999402046204,0,1,0.9997209906578064,-0.023617999628186226,0.00031999999191612005,0,0.023617999628186226,0.9997209906578064,0.00002700000004551839,0,-0.00031999999191612005,-0.000019999999494757503,1,0,-0.0036830001045018435,0.057537999004125595,0,1,-0.23657500743865967,0.09761899709701538,0.9666969776153564,0,-0.9577569961547852,-0.19086000323295593,-0.21511399745941162,0,0.1635040044784546,-0.9767510294914246,0.13864800333976746,0,-0.16997399926185608,0.3681989908218384,-0.005295000039041042,1,0.9026119709014893,0.14241500198841095,-0.40621399879455566,0,-0.22781400382518768,0.9587349891662598,-0.1700820028781891,0,0.3652290105819702,0.24605900049209595,0.8978099822998047,0,0,0.36368298530578613,0,1,0.8844419717788696,-0.4602679908275604,-0.07691600173711777,0,0.46512898802757263,0.8827990293502808,0.06572700291872025,0,0.0376489982008934,-0.09390699863433838,0.9948689937591553,0,0,0.7402600049972534,0,1,0.9996140003204346,-0.014534999616444111,0.023661000654101372,0,0.02517700009047985,0.8338189721107483,-0.5514630079269409,0,-0.011713000014424324,0.5518460273742676,0.8338639736175537,0,0,0.715919017791748,0,1,0.94759601354599,-0.24455499649047852,-0.20555700361728668,0,0.3102310001850128,0.858027994632721,0.40932101011276245,0,0.07627200335264206,-0.4516420066356659,0.888933002948761,0,0.05251700058579445,0.0796549990773201,0.05785299837589264,1,0.9997590184211731,0.006701999809592962,-0.020927999168634415,0,-0.00829199980944395,0.9970110058784485,-0.07681100070476532,0,0.020351000130176544,0.07696600258350372,0.9968259930610657,0,0.021980000659823418,0.08651500195264816,0,1,0.9979779720306396,-0.05693599954247475,-0.02823599986732006,0,0.05683000013232231,0.9983729720115662,-0.004573000129312277,0,0.028450999408960342,0.0029589999467134476,0.9995909929275513,0,-0.009847999550402164,0.09419199824333191,0,1,0.9906970262527466,-0.13075800240039825,-0.037703000009059906,0,0.13163800537586212,0.9910569787025452,0.021869000047445297,0,0.03450600057840347,-0.026629000902175903,0.9990500211715698,0,0.12092000246047974,0.31066200137138367,-0.010487999767065048,1,0.9961599707603455,0.08663800358772278,0.012640999630093575,0,-0.08657599985599518,0.9531559944152832,0.2898229956626892,0,0.013061000034213066,-0.28980499505996704,0.9569969773292542,0,-0.0020759999752044678,0.08308299630880356,0,1,0.9993669986724854,-0.03557800129055977,0.0008580000139772892,0,0.03557800129055977,0.9993669986724854,0.000004999999873689376,0,-0.0008580000139772892,0.00002499999936844688,1,0,0.002429000101983547,0.08299700170755386,0,1,0.9902989864349365,-0.12477599829435349,-0.06115100160241127,0,0.13316600024700165,0.9779009819030762,0.16117200255393982,0,0.03968900069594383,-0.1677509993314743,0.9850299954414368,0,0.039987001568078995,0.308353990316391,-0.017412999644875526,1,0.9960920214653015,0.08660600334405899,0.017305999994277954,0,-0.08332599699497223,0.8566300272941589,0.5091580152511597,0,0.029270999133586884,-0.5086110234260559,0.8604990243911743,0,-0.0051739998161792755,0.08614300191402435,0,1,0.9999520182609558,0.009734000079333782,-0.0011480000102892518,0,-0.009734000079333782,0.9999529719352722,0.000045000000682193786,0,0.0011480000102892518,-0.00003400000059627928,0.9999989867210388,0,0.0024939998984336853,0.08588500320911407,0,1,0.9981690049171448,-0.056696999818086624,-0.021093999966979027,0,0.060440000146627426,0.9494079947471619,0.3081740140914917,0,0.002553999889642,-0.30888399481773376,0.9510959982872009,0,-0.044840000569820404,0.2629069983959198,-0.015855999663472176,1,0.9970139861106873,0.07332400232553482,0.024212999269366264,0,-0.07287099957466125,0.7897089719772339,0.609138011932373,0,0.025544000789523125,-0.6090840101242065,0.7926949858665466,0,-0.00725799985229969,0.08541399985551834,0,1,0.999019980430603,0.043333999812603,-0.009046000428497791,0,-0.04332999885082245,0.9990609884262085,0.0006549999816343188,0,0.009065999649465084,-0.0002629999944474548,0.9999589920043945,0,0.002257999964058399,0.07964599877595901,0,1,0.9996280074119568,-0.01846900023519993,-0.020075999200344086,0,0.024257000535726547,0.9385240077972412,0.34436100721359253,0,0.012481999583542347,-0.3447200059890747,0.9386230111122131,0,-0.11606699973344803,0.21008899807929993,-0.011547000147402287,1,0.9983689785003662,0.042357999831438065,0.038279999047517776,0,-0.05708799883723259,0.7489399909973145,0.6601740121841431,0,-0.0007060000207275152,-0.661283016204834,0.7501360177993774,0,-0.0071840002201497555,0.0709180012345314,0,1,0.9997360110282898,0.022513000294566154,-0.004631999880075455,0,-0.02251099981367588,0.9997469782829285,0.00035700001171790063,0,0.004639000166207552,-0.0002530000056140125,0.9999889731407166,0,0.0032259998843073845,0.05860700085759163,0,1,-0.9517530202865601,0.011001000180840492,0.3066680133342743,0,0.2764289975166321,-0.4031899869441986,0.8723679780960083,0,0.13324199616909027,0.9150500297546387,0.38069599866867065,0,0.2560949921607971,-0.15797199308872223,-0.040674999356269836,1,0.998740017414093,0.031089000403881073,-0.03938800096511841,0,-0.0142639996483922,-0.5766699910163879,-0.8168529868125916,0,-0.04810899868607521,0.8163859844207764,-0.5755000114440918,0,0,1.3753329515457153,0,1,0.9315419793128967,-0.13269999623298645,0.33855700492858887,0,-0.22493399679660797,0.5212640166282654,0.8232190012931824,0,-0.28571900725364685,-0.8430150151252747,0.45572999119758606,0,0,1.2331180572509766,0,1,0.9652850031852722,-0.007410000078380108,0.26109200716018677,0,-0.14575700461864471,0.8142020106315613,0.5619869828224182,0,-0.2167460024356842,-0.5805339813232422,0.784857988357544,0,0,0.4137510061264038,0,1,-0.92392897605896,-0.04012100026011467,-0.38045400381088257,0,-0.31988000869750977,-0.4644559919834137,0.8258069753646851,0,-0.20983700454235077,0.8846870064735413,0.4162909984588623,0,-0.2560949921607971,-0.15797199308872223,-0.039340000599622726,1,0.9785199761390686,0.1531279981136322,-0.13802100718021393,0,0.011962000280618668,-0.7105609774589539,-0.7035329937934875,0,-0.2058030068874359,0.6867709755897522,-0.6971309781074524,0,0,1.3753269910812378,0,1,0.9487230181694031,0.04261599853634834,-0.3132239878177643,0,0.13641999661922455,0.838653028011322,0.527305006980896,0,0.2851580083370209,-0.5429959893226624,0.7898359894752502,0,0,1.2327829599380493,0,1,0.9733800292015076,-0.013406000100076199,-0.22880400717258453,0,0.13180099427700043,0.8494529724121094,0.5109379887580872,0,0.18750900030136108,-0.5274940133094788,0.828607976436615,0,0,0.41258499026298523,0,1
K0.033,0.7256150245666504,-0.024396980181336403,0.6876689791679382,0,0.0707169771194458,0.996724009513855,-0.03925800323486328,0,-0.6844580173492432,0.0771159827709198,0.7249619960784912,0,-0.014564000070095062,2.736906051635742,0.020683003589510918,1,0.9994210004806519,-0.0317620113492012,-0.012209001928567886,0,0.03320101276040077,0.9888179898262024,0.14538200199604034,0,0.007455000188201666,-0.1457030028104782,0.989300012588501,0,0,0.28454700112342834,-0.03201499953866005,1,0.9926289916038513,-0.11240101605653763,-0.045318007469177246,0,0.12010801583528519,0.862492024898529,0.4916110038757324,0,-0.01617100089788437,-0.4934310019016266,0.8696349859237671,0,0,0.3340660035610199,0,1,0.9926289916038513,-0.11240101605653763,-0.045318007469177246,0,0.12010901421308517,0.862492024898529,0.4916110038757324,0,-0.01617100089788437,-0.4934310019016266,0.8696349859237671,0,0,0.38179001212120056,0,1,0.9913399815559387,-0.09589693695306778,-0.08971696346998215,0,0.10749593377113342,0.9850050210952759,0.13494299352169037,0,0.0754309743642807,-0.14341899752616882,0.9867830276489258,0,0,0.42951399087905884,0,1,0.9915300011634827,0.028544966131448746,-0.12669900059700012,0,-0.023653969168663025,0.9989219903945923,0.03993998467922211,0,0.127702996134758,-0.03660499304533005,0.9911370277404785,0,0,0.2276429980993271,0.060318998992443085,1,-0.06238699331879616,-0.07742799818515778,-0.9950439929962158,0,0.9776660203933716,-0.20521600544452667,-0.045327991247177124,0,-0.20068900287151337,-0.9756489992141724,0.08850198984146118,0,0.16997399926185608,0.3685550093650818,-0.008461999706923962,1,0.8922309875488281,-0.0015889754286035895,0.45157599449157715,0,0.1302359402179718,0.9584090113639832,-0.2539489269256592,0,-0.4323920011520386,0.2853918969631195,0.8553299903869629,0,0,0.36368298530578613,0,1,0.9407830834388733,0.2813378870487213,0.1891479790210724,0,-0.3092878758907318,0.9407440423965454,0.13907501101493835,0,-0.13881200551986694,-0.1893409788608551,0.9720500111579895,0,0,0.7414150238037109,0,1,0.9841660261154175,0.1614229828119278,0.07320898771286011,0,-0.10557698458433151,0.8656409978866577,-0.489406019449234,0,-0.1423739790916443,0.4739280641078949,0.8689770102500916,0,0,0.7164419889450073,0,1,0.9752100110054016,0.21360208094120026,-0.05779188126325607,0,-0.1521531194448471,0.8369110226631165,0.5257650017738342,0,0.1606709361076355,-0.5039380192756653,0.8486639857292175,0,-0.05294099822640419,0.08002900332212448,0.06036200001835823,1,0.926531970500946,0.37615299224853516,0.0069139921106398106,0,-0.3760240077972412,0.926488995552063,-0.014939985238015652,0,-0.012024986557662487,0.01124298945069313,0.9998639822006226,0,-0.024449000135064125,0.08733200281858444,0,1,0.9977080225944519,0.06758999824523926,0.0031709999311715364,0,-0.06758899986743927,0.997713029384613,-0.0005709999823011458,0,-0.0032019999343901873,0.0003549999964889139,0.9999949932098389,0,0.010323000140488148,0.09297499805688858,0,1,0.9455639719963074,0.32482901215553284,0.019887002184987068,0,-0.32472699880599976,0.9457719922065735,-0.008283997885882854,0,-0.02149900048971176,0.0013759975554421544,0.9997680187225342,0,-0.1271979957818985,0.3301219940185547,-0.00661400007084012,1,0.9955610036849976,-0.0935320034623146,-0.010479999706149101,0,0.09270299971103668,0.9552710056304932,0.28082695603370667,0,-0.016254998743534088,-0.2805519700050354,0.9597010016441345,0,0.004093000199645758,0.08040200173854828,0,1,0.9995290040969849,-0.030548999086022377,0.0028750000055879354,0,0.03054800070822239,0.9995329976081848,0.00014099998224992305,0,-0.0028780000284314156,-0.000052999988838564605,0.9999960064888,0,-0.0012730000307783484,0.07176800072193146,0,1,0.9987069964408875,0.04533505439758301,0.023019006475806236,0,-0.04853105545043945,0.984978973865509,0.1657160073518753,0,-0.015160996466875076,-0.1666180044412613,0.9859049916267395,0,-0.04712500050663948,0.29318100214004517,-0.022520000115036964,1,0.9966660141944885,-0.0808040052652359,-0.011276000179350376,0,0.0793130174279213,0.9271730780601501,0.36614081263542175,0,-0.01913098804652691,-0.36581483483314514,0.930491030216217,0,0.006639999803155661,0.09613300114870071,0,1,0.9990479946136475,-0.043170999735593796,0.006324999965727329,0,0.04316899925470352,0.999068021774292,0.0004039999912492931,0,-0.00633700005710125,-0.00013000000035390258,0.9999799728393555,0,-0.0018439999548718333,0.08786199986934662,0,1,0.9967250227928162,-0.0693049430847168,0.04165782779455185,0,0.044780027121305466,0.9020550847053528,0.42929285764694214,0,-0.06732981652021408,-0.42602184414863586,0.9022040367126465,0,0.053543999791145325,0.29100799560546875,-0.019807999953627586,1,0.9949510097503662,-0.09637299925088882,-0.028019992634654045,0,0.09670700132846832,0.8459131121635437,0.5244787931442261,0,-0.026842989027500153,-0.5245408415794373,0.8509621024131775,0,0.005867999978363514,0.07867699861526489,0,1,0.9999060034751892,-0.013593999668955803,0.0016509999986737967,0,0.013593999668955803,0.9999079704284668,0.00008499999967170879,0,-0.00165200000628829,-0.00006299999949987978,0.9999989867210388,0,-0.0028119999915361404,0.07310599833726883,0,1,0.9966700077056885,-0.07813705503940582,0.023291951045393944,0,0.05734507739543915,0.8748440742492676,0.4809979200363159,0,-0.05796097591519356,-0.47806090116500854,0.876412034034729,0,0.12077999860048294,0.2229979932308197,-0.00686099985614419,1,0.994379997253418,-0.09201600402593613,-0.052362993359565735,0,0.10442200303077698,0.7708621025085449,0.6283848881721497,0,-0.017456993460655212,-0.6303209066390991,0.7761381268501282,0,0.007691000122576952,0.058476999402046204,0,1,0.9997209906578064,-0.023617999628186226,0.00031999999191612005,0,0.023617999628186226,0.9997209906578064,0.00002700000004551839,0,-0.00031999999191612005,-0.000019999999494757503,1,0,-0.0036830001045018435,0.057537999004125595,0,1,-0.236393004655838,0.09793100506067276,0.9667099714279175,0,-0.9579390287399292,-0.1900789886713028,-0.21499300003051758,0,0.162696972489357,-0.9768720269203186,0.1387449949979782,0,-0.16997399926185608,0.3681989908218384,-0.005295000039041042,1,0.9024199843406677,0.142085999250412,-0.40675604343414307,0,-0.22978302836418152,0.9573079943656921,-0.1753910630941391,0,0.3644700050354004,0.25174206495285034,0.8965420126914978,0,0,0.36368298530578613,0,1,0.8829650282859802,-0.4630170166492462,-0.07738300412893295,0,0.467911034822464,0.8813419938087463,0.065543994307518,0,0.03785300627350807,-0.09408199787139893,0.9948449730873108,0,0,0.7402600049972534,0,1,0.9998760223388672,-0.01573302410542965,-0.0011256301077082753,0,0.012613686732947826,0.840376079082489,-0.5418558716773987,0,0.009470545686781406,0.5417748689651489,0.8404700756072998,0,0,0.715919017791748,0,1,0.9485470056533813,-0.24212993681430817,-0.20403794944286346,0,0.30743494629859924,0.8584870100021362,0.4104670286178589,0,0.07577797770500183,-0.4520760178565979,0.8887550234794617,0,0.05251700058579445,0.0796549990773201,0.05785299837589264,1,0.9997299909591675,0.009490073658525944,-0.02119300700724125,0,-0.01109907403588295,0.996957004070282,-0.07715500891208649,0,0.0203970018774271,0.07736900448799133,0.9967939853668213,0,0.021980000659823418,0.08651500195264816,0,1,0.9979779720306396,-0.05693599954247475,-0.02823599986732006,0,0.05683000013232231,0.9983729720115662,-0.0045739999040961266,0,0.028450999408960342,0.002959999954327941,0.9995909929275513,0,-0.009847999550402164,0.09419199824333191,0,1,0.9906910061836243,-0.1307390034198761,-0.03792600706219673,0,0.13176999986171722,0.9909369945526123,0.026094112545251846,0,0.0341699942946434,-0.030849112197756767,0.9989399909973145,0,0.12092000246047974,0.31066200137138367,-0.010487999767065048,1,0.9961680173873901,0.08653800189495087,0.012648999691009521,0,-0.08646299690008163,0.9527410268783569,0.2912200391292572,0,0.013151002116501331,-0.2911970317363739,0.9565730094909668,0,-0.0020759999752044678,0.08308299630880356,0,1,0.9993669986724854,-0.03557800129055977,0.0008580000139772892,0,0.03557800129055977,0.9993669986724854,0.000004999999873689376,0,-0.0008580000139772892,0.00002499999936844688,1,0,0.002429000101983547,0.08299700170755386,0,1,0.9902420043945312,-0.1250620037317276,-0.06148000806570053,0,0.13365401327610016,0.977213978767395,0.1648901104927063,0,0.03945699334144592,-0.171498104929924,0.9843940138816833,0,0.039987001568078995,0.308353990316391,-0.017412999644875526,1,0.996101975440979,0.0864809975028038,0.017351001501083374,0,-0.08314899355173111,0.8550189137458801,0.5118880867958069,0,0.029433004558086395,-0.511336088180542,0.8588769435882568,0,-0.0051739998161792755,0.08614300191402435,0,1,0.9999520182609558,0.009734000079333782,-0.0011480000102892518,0,-0.009734000079333782,0.9999529719352722,0.000045000000682193786,0,0.0011480000102892518,-0.00003400000059627928,0.9999989867210388,0,0.0024939998984336853,0.08588500320911407,0,1,0.9981889724731445,-0.05647999420762062,-0.02072099968791008,0,0.06012799218297005,0.9480909705162048,0.31226208806037903,0,0.002008996903896332,-0.31294310092926025,0.949769914150238,0,-0.044840000569820404,0.2629069983959198,-0.015855999663472176,1,0.9970239996910095,0.07318799942731857,0.02422799915075302,0,-0.0726809948682785,0.7875309586524963,0.6119740605354309,0,0.02570900321006775,-0.6119140386581421,0.7905059456825256,0,-0.00725799985229969,0.08541399985551834,0,1,0.999019980430603,0.043333999812603,-0.009046000428497791,0,-0.04332999885082245,0.9990609884262085,0.0006549999816343188,0,0.009065999649465084,-0.00026199998683296144,0.9999589920043945,0,0.002257999964058399,0.07964599877595901,0,1,0.9996240139007568,-0.01845000684261322,-0.020307008177042007,0,0.02439301088452339,0.936458945274353,0.3499281406402588,0,0.012559999711811543,-0.3502921462059021,0.9365559220314026,0,-0.11606699973344803,0.21008899807929993,-0.011547000147402287,1,0.9983680248260498,0.04225499927997589,0.03841300308704376,0,-0.05710199847817421,0.7460889220237732,0.6633930802345276,0,-0.0006269977893680334,-0.6645040512084961,0.7472849488258362,0,-0.0071840002201497555,0.0709180012345314,0,1,0.9997360110282898,0.022512000054121017,-0.004631999880075455,0,-0.02251099981367588,0.9997469782829285,0.00035700001171790063,0,0.004639000166207552,-0.0002530000056140125,0.9999889731407166,0,0.0032259998843073845,0.05860700085759163,0,1,-0.9519870281219482,0.016975093632936478,0.30566900968551636,0,0.2734389305114746,-0.4018539786338806,0.873924970626831,0,0.13766907155513763,0.9155460000038147,0.37791797518730164,0,0.2560949921607971,-0.15797199308872223,-0.040674999356269836,1,0.9982640147209167,0.03848005831241608,-0.04459704831242561,0,-0.014171002432703972,-0.5779860019683838,-0.8159229755401611,0,-0.05717307701706886,0.8151389956474304,-0.5764369964599609,0,0,1.3753329515457153,0,1,0.9317089915275574,-0.12859895825386047,0.33967703580856323,0,-0.22766603529453278,0.5219040513038635,0.8220609426498413,0,-0.28299495577812195,-0.843254029750824,0.45698606967926025,0,0,1.2331180572509766,0,1,0.965287983417511,-0.007400999311357737,0.2610810101032257,0,-0.14575199782848358,0.8142179846763611,0.5619660019874573,0,-0.21673600375652313,-0.5805119872093201,0.7848759889602661,0,0,0.4137510061264038,0,1,-0.9234690070152283,-0.03334590420126915,-0.3822210431098938,0,-0.322748064994812,-0.47115007042884827,0.8208839297294617,0,-0.20745696127414703,0.8814219832420349,0.42433005571365356,0,-0.2560949921607971,-0.15797199308872223,-0.039340000599622726,1,0.9821979999542236,0.14139491319656372,-0.12366889417171478,0,0.011519988998770714,-0.7024458646774292,-0.7116441130638123,0,-0.18749386072158813,0.6975511312484741,-0.6915699243545532,0,0,1.3753269910812378,0,1,0.9501590132713318,0.02249576337635517,-0.31095197796821594,0,0.15448321402072906,0.8323639631271362,0.5322650671005249,0,0.27079883217811584,-0.5537731051445007,0.7874029874801636,0,0,1.2327829599380493,0,1,0.9733530282974243,-0.013321997597813606,-0.22892500460147858,0,0.13184699416160583,0.8493080139160156,0.5111680030822754,0,0.18761800229549408,-0.5277299880981445,0.828432023525238,0,0,0.41258499026298523,0,1
