2.500,30,75,65
B0,mixamorig_Hips,-1,0.9920749068260193,0.09752631932497025,-0.07922089099884033,0,-0.019470548257231712,0.7422072291374207,0.6698876619338989,0,0.12413042038679123,-0.6630361080169678,0.7382245659828186,0,0.004607109352946281,1.4276292324066162,0.016713714227080345,1
B1,mixamorig_Spine,0,0.9997180104255676,-0.023616576567292213,0.0024020231794565916,0,0.023582426831126213,0.9996318221092224,0.013398874551057816,0,-0.0027171720284968615,-0.013338725082576275,0.9999070167541504,0,0,0.28454700112342834,-0.03201499953866005,1
B2,mixamorig_Spine1,1,0.9994931817054749,-0.0286275502294302,-0.013943297788500786,0,0.031191997230052948,0.9682813286781311,0.24790829420089722,0,0.006403937004506588,-0.24821729958057404,0.9686830639839172,0,0,0.3340660035610199,0,1
B3,mixamorig_Spine2,2,0.9994931817054749,-0.0286275502294302,-0.013943297788500786,0,0.031191997230052948,0.9682813286781311,0.24790829420089722,0,0.006403937004506588,-0.24821729958057404,0.9686830639839172,0,0,0.38179001212120056,0,1
B4,mixamorig_Neck,3,0.9983620047569275,-0.035022202879190445,0.04523879289627075,0,0.038425564765930176,0.996313214302063,-0.07670104503631592,0,-0.04238591715693474,0.07831361889839172,0.9960274696350098,0,0,0.42951399087905884,0,1
B5,mixamorig_Head,4,0.9854023456573486,0.14199389517307281,0.09391500055789948,0,-0.04816896840929985,0.7616658806800842,-0.6461769342422485,0,-0.16328498721122742,0.6322209239006042,0.7573866248130798,0,0,0.2276429980993271,0.060318998992443085,1
B6,mixamorig_HeadTop_End,5,1,0,0,0,0,1,0,0,0,0,1,0,0,0.6589959859848022,0.17461499571800232,1
B7,mixamorig_LeftShoulder,3,-0.03781310096383095,-0.018739426508545876,-0.999109148979187,0,0.9299960732460022,-0.3664766550064087,-0.028323208913207054,0,-0.36561980843544006,-0.9302386045455933,0.031285446137189865,0,0.16997399926185608,0.3685550093650818,-0.008461999706923962,1
B8,mixamorig_LeftArm,7,0.7197284698486328,0.6858547329902649,0.10767441242933273,0,-0.6806733012199402,0.6665821075439453,0.30389419198036194,0,0.13665352761745453,-0.2920125424861908,0.9466013312339783,0,0,0.36368298530578613,0,1
B9,mixamorig_LeftForeArm,8,0.11779747903347015,0.9915886521339417,0.0536169707775116,0,-0.9814485311508179,0.10802803933620453,0.15839122235774994,0,0.15126711130142212,-0.0712808296084404,0.9859198331832886,0,0,0.7414150238037109,0,1
B10,mixamorig_LeftHand,9,0.4324190616607666,-0.20943166315555573,-0.8770132064819336,0,0.009848440065979958,0.9736903309822083,-0.22766168415546417,0,0.9016188383102417,0.08980763703584671,0.4231053590774536,0,0,0.7164419889450073,0,1
B11,mixamorig_LeftHandThumb1,10,0.8948792815208435,0.4082072377204895,-0.18043635785579681,0,-0.3483773469924927,0.8915947079658508,0.28929537534713745,0,0.2789689898490906,-0.19602462649345398,0.940079927444458,0,-0.05294099822640419,0.08002900332212448,0.06036200001835823,1
B12,mixamorig_LeftHandThumb2,11,0.9907940030097961,-0.10432713478803635,0.08627387881278992,0,0.11682640761137009,0.9809013605117798,-0.15551155805587769,0,-0.06840235739946365,0.1641586720943451,0.9840594530105591,0,-0.024449000135064125,0.08733200281858444,0,1
B13,mixamorig_LeftHandThumb3,12,0.9977080225944519,0.0675901472568512,0.0031709999311715364,0,-0.06758899986743927,0.997713029384613,-0.0005709999823011458,0,-0.0032019999343901873,0.0003549999964889139,0.9999949932098389,0,0.010323000140488148,0.09297499805688858,0,1
B14,mixamorig_LeftHandThumb4,13,1,0,0,0,0,1,0,0,0,0,1,0,0.014125999994575977,0.07835999876260757,0,1
B15,mixamorig_LeftHandIndex1,10,0.93758225440979,0.3326871991157532,-0.10128023475408554,0,-0.3329022228717804,0.9428349137306213,0.01526475790888071,0,0.10056765377521515,0.01940452866256237,0.9947385191917419,0,-0.1271979957818985,0.3301219940185547,-0.00661400007084012,1
B16,mixamorig_LeftHandIndex2,15,0.9940780997276306,-0.1064419075846672,-0.021860254928469658,0,0.09930603206157684,0.8082331418991089,0.5804242491722107,0,-0.04411402717232704,-0.5791584849357605,0.8140173554420471,0,0.004093000199645758,0.08040200173854828,0,1
B17,mixamorig_LeftHandIndex3,16,0.9995290040969849,-0.030548999086022377,0.0028750000055879354,0,0.03054800070822239,0.9995329976081848,0.00014000000373926014,0,-0.0028780000284314156,-0.00005199999941396527,0.9999960064888,0,-0.0012730000307783484,0.07176800072193146,0,1
B18,mixamorig_LeftHandIndex4,17,1,0,0,0,0,1,0,0,0,0,1,0,-0.002819000044837594,0.0575300008058548,0,1
B19,mixamorig_LeftHandMiddle1,10,0.9745301604270935,0.22377942502498627,0.014589175581932068,0,-0.22405005991458893,0.9688035249710083,0.10589826107025146,0,0.009562668390572071,-0.1064707562327385,0.9942667484283447,0,-0.04712500050663948,0.29318100214004517,-0.022520000115036964,1
B20,mixamorig_LeftHandMiddle2,19,0.9950355291366577,-0.0989421084523201,-0.010684596374630928,0,0.08335504680871964,0.7699583172798157,0.6326202750205994,0,-0.05436747893691063,-0.6303709745407104,0.7743840217590332,0,0.006639999803155661,0.09613300114870071,0,1
B21,mixamorig_LeftHandMiddle3,20,0.9990479946136475,-0.043170999735593796,0.006324999965727329,0,0.04316899925470352,0.999068021774292,0.0004039999912492931,0,-0.00633700005710125,-0.00013000000035390258,0.9999799728393555,0,-0.0018439999548718333,0.08786199986934662,0,1
B22,mixamorig_LeftHandMiddle4,21,1,0,0,0,0,1,0,0,0,0,1,0,-0.004796000197529793,0.07533500343561172,0,1
B23,mixamorig_LeftHandRing1,10,0.9974550604820251,0.00781394075602293,0.07086046785116196,0,-0.030960427597165108,0.9428228735923767,0.33184370398521423,0,-0.06421836465597153,-0.3331933319568634,0.940666139125824,0,0.053543999791145325,0.29100799560546875,-0.019807999953627586,1
B24,mixamorig_LeftHandRing2,23,0.9916308522224426,-0.10772854834794998,-0.07114417105913162,0,0.12696978449821472,0.7140973210334778,0.6884313821792603,0,-0.023361295461654663,-0.6917034387588501,0.7217997312545776,0,0.005867999978363514,0.07867699861526489,0,1
B25,mixamorig_LeftHandRing3,24,0.9999060034751892,-0.013593999668955803,0.0016509999986737967,0,0.013593999668955803,0.9999079704284668,0.00008499999967170879,0,-0.00165200000628829,-0.00006299999949987978,0.9999989867210388,0,-0.0028119999915361404,0.07310599833726883,0,1
B26,mixamorig_LeftHandRing4,25,1,0,0,0,0,1,0,0,0,0,1,0,-0.0030559999868273735,0.05968699976801872,0,1
B27,mixamorig_LeftHandPinky1,10,0.9460976123809814,-0.28410181403160095,0.1555129736661911,0,0.19094598293304443,0.8771098852157593,0.44069725275039673,0,-0.2616061270236969,-0.3872472941875458,0.8840801119804382,0,0.12077999860048294,0.2229979932308197,-0.00686099985614419,1
B28,mixamorig_LeftHandPinky2,27,0.9912751913070679,-0.08711260557174683,-0.09891587495803833,0,0.13180428743362427,0.6501708030700684,0.7482653856277466,0,-0.0008722185157239437,-0.7547741532325745,0.6559800505638123,0,0.007691000122576952,0.058476999402046204,0,1
B29,mixamorig_LeftHandPinky3,28,0.9997209906578064,-0.02361699938774109,0.00031999999191612005,0,0.02361699938774109,0.9997209906578064,0.00002700000004551839,0,-0.00031999999191612005,-0.000019999999494757503,1,0,-0.0036830001045018435,0.057537999004125595,0,1
B30,mixamorig_LeftHandPinky4,29,1,0,0,0,0,1,0,0,0,0,1,0,-0.004009000025689602,0.04541200026869774,0,1
B31,mixamorig_RightShoulder,3,0.41351553797721863,-0.10768160223960876,0.9041072726249695,0,-0.7520972490310669,-0.6000694036483765,0.27252012491226196,0,0.513181746006012,-0.792667031288147,-0.329124391078949,0,-0.16997399926185608,0.3681989908218384,-0.005295000039041042,1
B32,mixamorig_RightArm,31,0.7344749569892883,-0.49043771624565125,-0.46905991435050964,0,0.51582932472229,0.8525896072387695,-0.08373700082302094,0,0.44098344445228577,-0.1804513782262802,0.8791881203651428,0,0,0.36368298530578613,0,1
B33,mixamorig_RightForeArm,32,0.6968762278556824,-0.7171605229377747,-0.006612331140786409,0,0.716319739818573,0.6955467462539673,0.05568133294582367,0,-0.03533358499407768,-0.04353947192430496,0.9984267950057983,0,0,0.7402600049972534,0,1
B34,mixamorig_RightHand,33,0.7196033000946045,0.25878530740737915,0.6443614363670349,0,0.5348996520042419,0.38513246178627014,-0.7520337104797363,0,-0.44277986884117126,0.8858341574668884,0.1387188583612442,0,0,0.715919017791748,0,1
B35,mixamorig_RightHandThumb1,34,0.6302310228347778,-0.5790159702301025,-0.5172510147094727,0,0.6997439861297607,0.7122520208358765,0.055282000452280045,0,0.3364039957523346,-0.39678314328193665,0.8540459871292114,0,0.05251700058579445,0.0796549990773201,0.05785299837589264,1
B36,mixamorig_RightHandThumb2,35,0.9371484518051147,-0.3482744097709656,-0.021367261186242104,0,0.34782418608665466,0.9372971653938293,-0.02218918316066265,0,0.027755489572882652,0.013362235389649868,0.9995250701904297,0,0.021980000659823418,0.08651500195264816,0,1
B37,mixamorig_RightHandThumb3,36,0.9979779720306396,-0.05693700164556503,-0.02823599986732006,0,0.05683000013232231,0.9983729720115662,-0.004573000129312277,0,0.028450999408960342,0.002959148958325386,0.9995909929275513,0,-0.009847999550402164,0.09419199824333191,0,1
B38,mixamorig_RightHandThumb4,37,1,0,0,0,0,1,0,0,0,0,1,0,-0.012133000418543816,0.0746849998831749,0,1
B39,mixamorig_RightHandIndex1,34,0.9491361975669861,-0.31286168098449707,-0.035472091287374496,0,0.31062158942222595,0.9488154649734497,-0.057119984179735184,0,0.05152726173400879,0.04319624975323677,0.9977360367774963,0,0.12092000246047974,0.31066200137138367,-0.010487999767065048,1
B40,mixamorig_RightHandIndex2,39,0.99583500623703,0.09052674472332001,0.01081670168787241,0,-0.09073589742183685,0.9725162982940674,0.21442602574825287,0,0.00889165885746479,-0.21451418101787567,0.976680338382721,0,-0.0020759999752044678,0.08308299630880356,0,1
B41,mixamorig_RightHandIndex3,40,0.9993669986724854,-0.03557800129055977,0.0008580000139772892,0,0.03557800129055977,0.9993669986724854,0.000005850993602507515,0,-0.0008580000139772892,0.00002499999936844688,1,0,0.002429000101983547,0.08299700170755386,0,1
B42,mixamorig_RightHandIndex4,41,1,0,0,0,0,1,0,0,0,0,1,0,-0.0003530000103637576,0.05992899835109711,0,1
B43,mixamorig_RightHandMiddle1,34,0.98503577709198,-0.16356396675109863,-0.05433176830410957,0,0.16319462656974792,0.986530065536499,-0.011190417222678661,0,0.05543038621544838,0.0021563509944826365,0.9984604120254517,0,0.039987001568078995,0.308353990316391,-0.017412999644875526,1
B44,mixamorig_RightHandMiddle2,43,0.9953449964523315,0.09634529799222946,0.002478509908542037,0,-0.09249918907880783,0.9477565884590149,0.305289089679718,0,0.027064019814133644,-0.30409711599349976,0.9522567391395569,0,-0.0051739998161792755,0.08614300191402435,0,1
B45,mixamorig_RightHandMiddle3,44,0.9999520182609558,0.009734000079333782,-0.0011480000102892518,0,-0.009734000079333782,0.9999529719352722,0.000045000000682193786,0,0.0011480000102892518,-0.00003400000059627928,0.9999989867210388,0,0.0024939998984336853,0.08588500320911407,0,1
B46,mixamorig_RightHandMiddle4,45,1,0,0,0,0,1,0,0,0,0,1,0,0.00267999991774559,0.06950999796390533,0,1
B47,mixamorig_RightHandRing1,34,0.9992396235466003,0.0332762710750103,-0.020330768078565598,0,-0.03204406052827835,0.9977901577949524,0.05820852890610695,0,0.02222250960767269,-0.05751257389783859,0.9980973601341248,0,-0.044840000569820404,0.2629069983959198,-0.015855999663472176,1
B48,mixamorig_RightHandRing2,47,0.9959321618080139,0.08613231778144836,0.026464447379112244,0,-0.09004246443510056,0.9402353167533875,0.3284064829349518,0,0.00340353325009346,-0.32945334911346436,0.9441661834716797,0,-0.00725799985229969,0.08541399985551834,0,1
B49,mixamorig_RightHandRing3,48,0.999019980430603,0.043333999812603,-0.009046000428497791,0,-0.04332999885082245,0.9990609884262085,0.0006549999816343188,0,0.009065999649465084,-0.00026199998683296144,0.9999589920043945,0,0.002257999964058399,0.07964599877595901,0,1
B50,mixamorig_RightHandRing4,49,1,0,0,0,0,1,0,0,0,0,1,0,0.004999999888241291,0.06913899630308151,0,1
B51,mixamorig_RightHandPinky1,34,0.9371830224990845,0.348544716835022,0.01430507656186819,0,-0.3474594056606293,0.9290527701377869,0.12701141834259033,0,0.030978890135884285,-0.12400379031896591,0.991797685623169,0,-0.11606699973344803,0.21008899807929993,-0.011547000147402287,1
B52,mixamorig_RightHandPinky2,51,0.9980068206787109,0.05682602524757385,0.027457373216748238,0,-0.06294853240251541,0.9275714755058289,0.36830493807792664,0,-0.004538761917501688,-0.369299054145813,0.9292990565299988,0,-0.0071840002201497555,0.0709180012345314,0,1
B53,mixamorig_RightHandPinky3,52,0.9997360110282898,0.022512149065732956,-0.004631999880075455,0,-0.02251099981367588,0.9997469782829285,0.00035714899422600865,0,0.004639000166207552,-0.0002530000056140125,0.9999889731407166,0,0.0032259998843073845,0.05860700085759163,0,1
B54,mixamorig_RightHandPinky4,53,1,0,0,0,0,1,0,0,0,0,1,0,0.003957999870181084,0.0517750009894371,0,1
B55,mixamorig_LeftUpLeg,0,-0.8384305238723755,0.0239835437387228,0.54448002576828,0,0.5445767045021057,0.07658857852220535,0.8352066278457642,0,-0.021669724956154823,0.9967740774154663,-0.07727479934692383,0,0.2560949921607971,-0.15797199308872223,-0.040674999356269836,1
B56,mixamorig_LeftLeg,55,0.9933497309684753,0.08661366254091263,-0.07586141675710678,0,-0.00038310265517793596,-0.6563840508460999,-0.7544268369674683,0,-0.11513768136501312,0.7494386434555054,-0.6519849300384521,0,0,1.3753329515457153,0,1
B57,mixamorig_LeftFoot,56,0.9830872416496277,-0.09161082655191422,-0.15857930481433868,0,0.15054866671562195,-0.08880935609340668,0.9846057295799255,0,-0.10428312420845032,-0.991826593875885,-0.07351531088352203,0,0,1.2331180572509766,0,1
B58,mixamorig_LeftToeBase,57,0.8872349858283997,-0.22715114057064056,0.4015176296234131,0,-0.2551923394203186,0.4834047555923462,0.8373751640319824,0,-0.3843063414096832,-0.8454123735427856,0.37092602252960205,0,0,0.4137510061264038,0,1
B59,mixamorig_LeftToe_End,58,1,0,0,0,0,1,0,0,0,0,1,0,0,0.16649700701236725,0,1
B60,mixamorig_RightUpLeg,0,-0.9821277856826782,-0.1208084374666214,-0.14432954788208008,0,-0.16102616488933563,0.14230087399482727,0.9766373634338379,0,-0.09744779020547867,0.9824236035346985,-0.15921145677566528,0,-0.2560949921607971,-0.15797199308872223,-0.039340000599622726,1
B61,mixamorig_RightLeg,60,0.9996671676635742,0.024420196190476418,-0.00832832045853138,0,0.013399019837379456,-0.7672076225280762,-0.6412582993507385,0,-0.022048762068152428,0.6409335136413574,-0.7672799229621887,0,0,1.3753269910812378,0,1
B62,mixamorig_RightFoot,61,0.8912343382835388,0.09463703632354736,-0.44355931878089905,0,0.4534171521663666,-0.16292349994182587,0.8762812614440918,0,0.010662559419870377,-0.982089638710022,-0.18811330199241638,0,0,1.2327829599380493,0,1
B63,mixamorig_RightToeBase,62,0.8944418430328369,0.20870119333267212,-0.39549654722213745,0,0.28782251477241516,0.4081989824771881,0.8663322925567627,0,0.3422461748123169,-0.8887161612510681,0.30504104495048523,0,0,0.41258499026298523,0,1
B64,mixamorig_RightToe_End,63,1,0,0,0,0,1,0,0,0,0,1,0,0,0.16634300351142883,0,1
@52,0,1,2,3,4,5,7,8,9,10,11,12,13,15,16,17,19,20,21,23,24,25,27,28,29,31,32,33,34,35,36,37,39,40,41,43,44,45,47,48,49,51,52,53,55,56,57,58,60,61,62,63
K0.000,0.991795003414154,0.10260199755430222,-0.07625699788331985,0,-0.024190999567508698,0.7363700270652771,0.6761459708213806,0,0.12552699446678162,-0.668753981590271,0.7328109741210938,0,0.001664999988861382,1.4324369430541992,0.024984000250697136,1,0.9997029900550842,-0.024165000766515732,0.0030739998910576105,0,0.02412400022149086,0.9996269941329956,0.012818999588489532,0,-0.0033829999156296253,-0.012741000391542912,0.9999129772186279,0,0,0.28454700112342834,-0.03201499953866005,1,0.9994969964027405,-0.028742000460624695,-0.013372000306844711,0,0.031153999269008636,0.9685729742050171,0.24677200615406036,0,0.005859000142663717,-0.2470649927854538,0.9689810276031494,0,0,0.3340660035610199,0,1,0.9994969964027405,-0.028742000460624695,-0.013372000306844711,0,0.031153999269008636,0.9685729742050171,0.24677200615406036,0,0.005859000142663717,-0.2470649927854538,0.9689810276031494,0,0,0.38179001212120056,0,1,0.998104989528656,-0.03634899854660034,0.049651000648736954,0,0.040063999593257904,0.9963030219078064,-0.07599899917840958,0,-0.04670500010251999,0.07784400135278702,0.9958710074424744,0,0,0.42951399087905884,0,1,0.9847300052642822,0.1430799961090088,0.09917200356721878,0,-0.046514999121427536,0.7652000188827515,-0.6421099901199341,0,-0.1677599996328354,0.6276919841766357,0.7601699829101562,0,0,0.2276429980993271,0.060318998992443085,1,-0.039257001131772995,-0.01932699978351593,-0.9990419745445251,0,0.931738018989563,-0.3619210124015808,-0.029611000791192055,0,-0.36100199818611145,-0.9320080280303955,0.032214999198913574,0,0.16997399926185608,0.3685550093650818,-0.008461999706923962,1,0.7170950174331665,0.6886190176010132,0.10760299861431122,0,-0.6820729970932007,0.6615930199623108,0.31156399846076965,0,0.1433590054512024,-0.2968139946460724,0.94411301612854,0,0,0.36368298530578613,0,1,0.12196099758148193,0.9912059903144836,0.05135200172662735,0,-0.9806650280952454,0.11236400157213211,0.16021700203418732,0,0.15303799510002136,-0.06989999860525131,0.9857450127601624,0,0,0.7414150238037109,0,1,0.4295310080051422,-0.20859499275684357,-0.8786299824714661,0,0.009212000295519829,0.9739180207252502,-0.22671400010585785,0,0.9030050039291382,0.08928699791431427,0.42024898529052734,0,0,0.7164419889450073,0,1,0.8338900208473206,0.5312579870223999,-0.14964300394058228,0,-0.44496798515319824,0.8075109720230103,0.3872070014476776,0,0.32654500007629395,-0.25630098581314087,0.9097679853439331,0,-0.05294099822640419,0.08002900332212448,0.06036200001835823,1,0.9958000183105469,0.03900900110602379,0.0828310027718544,0,-0.031408000737428665,0.9953399896621704,-0.0911640003323555,0,-0.08600100129842758,0.08817899972200394,0.9923850297927856,0,-0.024449000135064125,0.08733200281858444,0,1,0.9977080225944519,0.06759099662303925,0.0031709999311715364,0,-0.06758899986743927,0.997713029384613,-0.0005709999823011458,0,-0.0032019999343901873,0.0003549999964889139,0.9999949932098389,0,0.010323000140488148,0.09297499805688858,0,1,0.9242900013923645,0.3665130138397217,-0.10656200349330902,0,-0.3778820037841797,0.918021023273468,-0.12018000334501266,0,0.0537789985537529,0.1513489931821823,0.9870160222053528,0,-0.1271979957818985,0.3301219940185547,-0.00661400007084012,1,0.9966509938240051,-0.08177199959754944,0.0003370000049471855,0,0.07243400067090988,0.8847389817237854,0.4604249894618988,0,-0.03794800117611885,-0.45885801315307617,0.8876990079879761,0,0.004093000199645758,0.08040200173854828,0,1,0.9995290040969849,-0.030548999086022377,0.0028750000055879354,0,0.03054800070822239,0.9995329976081848,0.00014000000373926014,0,-0.0028780000284314156,-0.00005199999941396527,0.9999960064888,0,-0.0012730000307783484,0.07176800072193146,0,1,0.9668160080909729,0.2552320063114166,0.011145000346004963,0,-0.2551639974117279,0.9668710231781006,-0.007189000025391579,0,-0.01261099986732006,0.0041069998405873775,0.9999120235443115,0,-0.04712500050663948,0.29318100214004517,-0.022520000115036964,1,0.9969080090522766,-0.07788500189781189,0.010402999818325043,0,0.05990000069141388,0.838949978351593,0.5409029722213745,0,-0.05085600167512894,-0.5386070013046265,0.8410210013389587,0,0.006639999803155661,0.09613300114870071,0,1,0.9990479946136475,-0.043170999735593796,0.006324999965727329,0,0.04316899925470352,0.999068021774292,0.0004039999912492931,0,-0.00633700005710125,-0.00013000000035390258,0.9999799728393555,0,-0.0018439999548718333,0.08786199986934662,0,1,0.9964410066604614,0.038176000118255615,0.07515600323677063,0,-0.05528400093317032,0.9690110087394714,0.24075199663639069,0,-0.06363599747419357,-0.24404999613761902,0.9676719903945923,0,0.053543999791145325,0.29100799560546875,-0.019807999953627586,1,0.9949640035629272,-0.08848100155591965,-0.047095999121665955,0,0.0985570028424263,0.777999997138977,0.6204850077629089,0,-0.01826000027358532,-0.6220020055770874,0.7828029990196228,0,0.005867999978363514,0.07867699861526489,0,1,0.9999060034751892,-0.013593999668955803,0.0016509999986737967,0,0.013593999668955803,0.9999079704284668,0.00008499999967170879,0,-0.00165200000628829,-0.00006299999949987978,0.9999989867210388,0,-0.0028119999915361404,0.07310599833726883,0,1,0.9525160193443298,-0.2603990137577057,0.15781399607658386,0,0.1880899965763092,0.9107779860496521,0.36756598949432373,0,-0.2394469976425171,-0.3204300105571747,0.9165099859237671,0,0.12077999860048294,0.2229979932308197,-0.00686099985614419,1,0.9942010045051575,-0.07499399781227112,-0.07707100361585617,0,0.10751400142908096,0.7079570293426514,0.6980239748954773,0,0.002216000109910965,-0.7022629976272583,0.7119150161743164,0,0.007691000122576952,0.058476999402046204,0,1,0.9997209906578064,-0.023617999628186226,0.00031999999191612005,0,0.023617999628186226,0.9997209906578064,0.00002700000004551839,0,-0.00031999999191612005,-0.000019999999494757503,1,0,-0.0036830001045018435,0.057537999004125595,0,1,0.41248399019241333,-0.10758999735116959,0.9045889973640442,0,-0.7516819834709167,-0.6011589765548706,0.27125900983810425,0,0.5146170258522034,-0.7918540239334106,-0.32884201407432556,0,-0.16997399926185608,0.3681989908218384,-0.005295000039041042,1,0.7387139797210693,-0.4840260148048401,-0.46906399726867676,0,0.5097820162773132,0.8564850091934204,-0.08096600323915482,0,0.44093599915504456,-0.17930999398231506,0.8794450163841248,0,0,0.36368298530578613,0,1,0.681065022945404,-0.732217013835907,-0.0030700000934302807,0,0.7311540246009827,0.6798380017280579,0.056859999895095825,0,-0.03954700008034706,-0.04096899926662445,0.9983770251274109,0,0,0.7402600049972534,0,1,0.716575026512146,0.2695760130882263,0.6433110237121582,0,0.5311229825019836,0.3869679868221283,-0.7537670135498047,0,-0.4521380066871643,0.8818079829216003,0.13411299884319305,0,0,0.715919017791748,0,1,0.6302310228347778,-0.5790169835090637,-0.5172510147094727,0,0.6997439861297607,0.7122520208358765,0.055282000452280045,0,0.3364039957523346,-0.3967840075492859,0.8540459871292114,0,0.05251700058579445,0.0796549990773201,0.05785299837589264,1,0.9370719790458679,-0.348378986120224,-0.022978000342845917,0,0.3478820025920868,0.9372559785842896,-0.023020999506115913,0,0.029556000605225563,0.013578999787569046,0.9994710087776184,0,0.021980000659823418,0.08651500195264816,0,1,0.9979779720306396,-0.05693599954247475,-0.02823599986732006,0,0.05683000013232231,0.9983729720115662,-0.004573000129312277,0,0.028450999408960342,0.0029589999467134476,0.9995909929275513,0,-0.009847999550402164,0.09419199824333191,0,1,0.9492989778518677,-0.31249600648880005,-0.034320998936891556,0,0.31014299392700195,0.9487749934196472,-0.06031600013375282,0,0.05141099914908409,0.04661399871110916,0.9975889921188354,0,0.12092000246047974,0.31066200137138367,-0.010487999767065048,1,0.9958189725875854,0.09070499986410141,0.010866999626159668,0,-0.0909229964017868,0.9725610017776489,0.2141450047492981,0,0.008856000378727913,-0.2142370045185089,0.9767410159111023,0,-0.0020759999752044678,0.08308299630880356,0,1,0.9993669986724854,-0.03557800129055977,0.0008580000139772892,0,0.03557800129055977,0.9993669986724854,0.000004999999873689376,0,-0.0008580000139772892,0.00002499999936844688,1,0,0.002429000101983547,0.08299700170755386,0,1,0.9850170016288757,-0.1636970043182373,-0.054262999445199966,0,0.16329999268054962,0.986506998538971,-0.011704999953508377,0,0.05544700101017952,0.0026680000592023134,0.9984580278396606,0,0.039987001568078995,0.308353990316391,-0.017412999644875526,1,0.9953449964523315,0.09634699672460556,0.0024709999561309814,0,-0.09250500053167343,0.9478319883346558,0.3050529956817627,0,0.027048999443650246,-0.30386099219322205,0.9523320198059082,0,-0.0051739998161792755,0.08614300191402435,0,1,0.9999520182609558,0.009734000079333782,-0.0011480000102892518,0,-0.009734000079333782,0.9999529719352722,0.000045000000682193786,0,0.0011480000102892518,-0.00003400000059627928,0.9999989867210388,0,0.0024939998984336853,0.08588500320911407,0,1,0.9992499947547913,0.032719001173973083,-0.020687000826001167,0,-0.0315140001475811,0.9979270100593567,0.05611100047826767,0,0.02247999981045723,-0.055417001247406006,0.9982100129127502,0,-0.044840000569820404,0.2629069983959198,-0.015855999663472176,1,0.995934009552002,0.08610399812459946,0.026467999443411827,0,-0.0900150015950203,0.9400889873504639,0.3288300037384033,0,0.0034310000482946634,-0.32987600564956665,0.9440180063247681,0,-0.00725799985229969,0.08541399985551834,0,1,0.999019980430603,0.043333999812603,-0.009046000428497791,0,-0.04332999885082245,0.9990609884262085,0.0006549999816343188,0,0.009065999649465084,-0.00026199998683296144,0.9999589920043945,0,0.002257999964058399,0.07964599877595901,0,1,0.9376000165939331,0.3474380075931549,0.013887999579310417,0,-0.3463200032711029,0.92951500415802,0.12674300372600555,0,0.031125999987125397,-0.12364400178194046,0.9918379783630371,0,-0.11606699973344803,0.21008899807929993,-0.011547000147402287,1,0.9980040192604065,0.05685099959373474,0.027486000210046768,0,-0.06297499686479568,0.9282029867172241,0.3667060136795044,0,-0.004664999898523092,-0.36770498752593994,0.9299309849739075,0,-0.0071840002201497555,0.0709180012345314,0,1,0.9997360110282898,0.022512000054121017,-0.004631999880075455,0,-0.02251099981367588,0.9997469782829285,0.00035799999022856355,0,0.004639000166207552,-0.0002530000056140125,0.9999889731407166,0,0.0032259998843073845,0.05860700085759163,0,1,-0.8409069776535034,0.027188999578356743,0.5404970049858093,0,0.54093998670578,0.07200899720191956,0.8379729986190796,0,-0.016137000173330307,0.9970329999923706,-0.07525999844074249,0,0.2560949921607971,-0.15797199308872223,-0.040674999356269836,1,0.9928600192070007,0.09058599919080734,-0.07761300355195999,0,-0.000019999999494757503,-0.6505119800567627,-0.7594959735870361,0,-0.11928799748420715,0.7540749907493591,-0.6458650231361389,0,0,1.3753329515457153,0,1,0.9816799759864807,-0.09795600175857544,-0.16342799365520477,0,0.15486599504947662,-0.08946800231933594,0.9838759899139404,0,-0.1109979972243309,-0.9911609888076782,-0.07265900075435638,0,0,1.2331180572509766,0,1,0.8878870010375977,-0.22564400732517242,0.40092599391937256,0,-0.25383201241493225,0.4865489900112152,0.8359659910202026,0,-0.38370099663734436,-0.8440110087394714,0.37472501397132874,0,0,0.4137510061264038,0,1,-0.9825350046157837,-0.1170630007982254,-0.14464299380779266,0,-0.16077899932861328,0.14273999631404877,0.9766139984130859,0,-0.09367900341749191,0.9828130006790161,-0.1590690016746521,0,-0.2560949921607971,-0.15797199308872223,-0.039340000599622726,1,0.9996770024299622,0.024018000811338425,-0.008267000317573547,0,0.013031999580562115,-0.7643229961395264,-0.6447020173072815,0,-0.021802999079227448,0.6443859934806824,-0.7643899917602539,0,0,1.3753269910812378,0,1,0.8912720084190369,0.09532299637794495,-0.44333699345588684,0,0.45336899161338806,-0.16677400469779968,0.8755819797515869,0,0.00952600035816431,-0.9813759922981262,-0.19185799360275269,0,0,1.2327829599380493,0,1,0.8938080072402954,0.21042199432849884,-0.39601799845695496,0,0.28911900520324707,0.40466898679733276,0.8675559759140015,0,0.3428089916706085,-0.8899239897727966,0.3008599877357483,0,0,0.41258499026298523,0,1
K0.033,0.9917640089988708,0.10301800072193146,-0.07610200345516205,0,-0.024599997326731682,0.7363309860229492,0.676173985004425,0,0.12569500505924225,-0.6687330007553101,0.7328010201454163,0,0.0017550017219036818,1.431777000427246,0.024744996801018715,1,0.9997000098228455,-0.024292999878525734,0.0029969995375722647,0,0.024252999573946,0.999625027179718,0.012749001383781433,0,-0.0033059995621442795,-0.0126720005646348,0.9999139904975891,0,0,0.28454700112342834,-0.03201499953866005,1,0.9994890093803406,-0.028915999457240105,-0.013597001321613789,0,0.03137800097465515,0.9686009883880615,0.24663099646568298,0,0.006038000341504812,-0.2469319999217987,0.9690139889717102,0,0,0.3340660035610199,0,1,0.9994890093803406,-0.028915999457240105,-0.013597001321613789,0,0.03137800097465515,0.9686009883880615,0.24663199484348297,0,0.006038000341504812,-0.2469319999217987,0.9690139889717102,0,0,0.38179001212120056,0,1,0.9981290102005005,-0.036320000886917114,0.04918299615383148,0,0.04004399850964546,0.9962289929389954,-0.07697300612926483,0,-0.04620199650526047,0.07879900932312012,0.9958189725875854,0,0,0.42951399087905884,0,1,0.9848260283470154,0.14270000159740448,0.09875999391078949,0,-0.04643300175666809,0.7650060057640076,-0.642346978187561,0,-0.1672150045633316,0.6280140280723572,0.7600250244140625,0,0,0.2276429980993271,0.060318998992443085,1,-0.03969600424170494,-0.01937600038945675,-0.999023973941803,0,0.9315369725227356,-0.36240699887275696,-0.029986001551151276,0,-0.3614729940891266,-0.9318180084228516,0.03243499994277954,0,0.16997399926185608,0.3685550093650818,-0.008461999706923962,1,0.7173849940299988,0.6883080005645752,0.10766001045703888,0,-0.6819279789924622,0.6621339917182922,0.3107309937477112,0,0.14259298145771027,-0.2963300049304962,0.9443809986114502,0,0,0.36368298530578613,0,1,0.12153399735689163,0.9912440180778503,0.051614005118608475,0,-0.9807450175285339,0.11191299557685852,0.1600469946861267,0,0.15286999940872192,-0.07007100433111191,0.9857590198516846,0,0,0.7414150238037109,0,1,0.430433988571167,-0.20866501331329346,-0.878171980381012,0,0.007851003669202328,0.9737409949302673,-0.2275250107049942,0,0.9025880098342896,0.09104000777006149,0.42076998949050903,0,0,0.7164419889450073,0,1,0.8344619870185852,0.5302780270576477,-0.1499280035495758,0,-0.4442199766635895,0.8082960247993469,0.38642796874046326,0,0.3260999917984009,-0.25585898756980896,0.9100520014762878,0,-0.05294099822640419,0.08002900332212448,0.06036200001835823,1,0.9958440065383911,0.037818972021341324,0.08285699039697647,0,-0.030167970806360245,0.9953280091285706,-0.09171801805496216,0,-0.08593899011611938,0.08883701264858246,0.9923319816589355,0,-0.024449000135064125,0.08733200281858444,0,1,0.9977080225944519,0.06759099662303925,0.0031709999311715364,0,-0.06758899986743927,0.997713029384613,-0.0005699999746866524,0,-0.0032019999343901873,0.0003549999964889139,0.9999949932098389,0,0.010323000140488148,0.09297499805688858,0,1,0.9243980050086975,0.36623701453208923,-0.10657399892807007,0,-0.37756800651550293,0.9182490110397339,-0.11941498517990112,0,0.054127007722854614,0.15062598884105682,0.9871079921722412,0,-0.1271979957818985,0.3301219940185547,-0.00661400007084012,1,0.9966390132904053,-0.08191300928592682,0.00026199768763035536,0,0.07255499809980392,0.8842549920082092,0.4613340198993683,0,-0.038019999861717224,-0.4597640335559845,0.8872269988059998,0,0.004093000199645758,0.08040200173854828,0,1,0.9995290040969849,-0.030548999086022377,0.0028750000055879354,0,0.03054800070822239,0.9995329976081848,0.00014000000373926014,0,-0.0028780000284314156,-0.00005199999941396527,0.9999960064888,0,-0.0012730000307783484,0.07176800072193146,0,1,0.9668539762496948,0.2550869882106781,0.011149999685585499,0,-0.2550239861011505,0.9669110178947449,-0.006820984184741974,0,-0.012520995922386646,0.003750984789803624,0.9999150037765503,0,-0.04712500050663948,0.29318100214004517,-0.022520000115036964,1,0.9969000220298767,-0.0779929980635643,0.010376998223364353,0,0.05998900532722473,0.8387740254402161,0.541163980960846,0,-0.05091100186109543,-0.538864016532898,0.8408529758453369,0,0.006639999803155661,0.09613300114870071,0,1,0.9990479946136475,-0.043170999735593796,0.006324999965727329,0,0.04316899925470352,0.999068021774292,0.0004039999912492931,0,-0.00633700005710125,-0.00013000000035390258,0.9999799728393555,0,-0.0018439999548718333,0.08786199986934662,0,1,0.9964399933815002,0.03810499608516693,0.07519900053739548,0,-0.05525900050997734,0.9688850045204163,0.24126599729061127,0,-0.0636650025844574,-0.24456200003623962,0.967540979385376,0,0.053543999791145325,0.29100799560546875,-0.019807999953627586,1,0.9949550032615662,-0.08856800198554993,-0.04712900519371033,0,0.09863899648189545,0.7777680158615112,0.6207640171051025,0,-0.018324000760912895,-0.622281014919281,0.7825800180435181,0,0.005867999978363514,0.07867699861526489,0,1,0.9999060034751892,-0.013593999668955803,0.0016509999986737967,0,0.013593999668955803,0.9999079704284668,0.00008499999967170879,0,-0.00165200000628829,-0.00006299999949987978,0.9999989867210388,0,-0.0028119999915361404,0.07310599833726883,0,1,0.9524829983711243,-0.2606300115585327,0.1576319932937622,0,0.18824699521064758,0.910552978515625,0.36804500222206116,0,-0.23945599794387817,-0.32088300585746765,0.9163489937782288,0,0.12077999860048294,0.2229979932308197,-0.00686099985614419,1,0.994193971157074,-0.07505200058221817,-0.07710299640893936,0,0.10757800191640854,0.7078049778938293,0.6981689929962158,0,0.002174999564886093,-0.7024099826812744,0.7117689847946167,0,0.007691000122576952,0.058476999402046204,0,1,0.9997209906578064,-0.02361699938774109,0.00031999999191612005,0,0.02361699938774109,0.9997209906578064,0.00002700000004551839,0,-0.00031999999191612005,-0.000019999999494757503,1,0,-0.0036830001045018435,0.057537999004125595,0,1,0.4127410054206848,-0.1075970008969307,0.9044709801673889,0,-0.7514770030975342,-0.6013579964637756,0.2713859975337982,0,0.5147110223770142,-0.7917019724845886,-0.32906100153923035,0,-0.16997399926185608,0.3681989908218384,-0.005295000039041042,1,0.7395300269126892,-0.4826680123806,-0.4691770076751709,0,0.508437991142273,0.8573219776153564,-0.08055999875068665,0,0.4411199986934662,-0.17897099256515503,0.8794220089912415,0,0,0.36368298530578613,0,1,0.6799160242080688,-0.7332820296287537,-0.003507001558318734,0,0.732250988483429,0.6786900162696838,0.056465994566679,0,-0.039024997502565384,-0.04095999896526337,0.9983980059623718,0,0,0.7402600049972534,0,1,0.7163410186767578,0.27004799246788025,0.6433740258216858,0,0.5308550000190735,0.3874729871749878,-0.7536960244178772,0,-0.4528239965438843,0.8814409971237183,0.13420699536800385,0,0,0.715919017791748,0,1,0.6302310228347778,-0.5790169835090637,-0.5172510147094727,0,0.6997439861297607,0.7122520208358765,0.055282000452280045,0,0.3364039957523346,-0.3967840075492859,0.8540459871292114,0,0.05251700058579445,0.0796549990773201,0.05785299837589264,1,0.9370790123939514,-0.34839800000190735,-0.02238299883902073,0,0.34790098667144775,0.9372410178184509,-0.023329000920057297,0,0.02910599857568741,0.014074000529944897,0.9994770288467407,0,0.021980000659823418,0.08651500195264816,0,1,0.9979779720306396,-0.05693599954247475,-0.02823599986732006,0,0.05683000013232231,0.9983729720115662,-0.004573000129312277,0,0.028450999408960342,0.0029589999467134476,0.9995909929275513,0,-0.009847999550402164,0.09419199824333191,0,1,0.9491869807243347,-0.3128800094127655,-0.03390999883413315,0,0.31044599413871765,0.9485509991645813,-0.062247004359960556,0,0.05164099857211113,0.048555999994277954,0.9974849820137024,0,0.12092000246047974,0.31066200137138367,-0.010487999767065048,1,0.995818018913269,0.09070499986410141,0.010866999626159668,0,-0.09092400223016739,0.9725610017776489,0.2141450047492981,0,0.008856000378727913,-0.2142380028963089,0.9767410159111023,0,-0.0020759999752044678,0.08308299630880356,0,1,0.9993669986724854,-0.03557800129055977,0.0008580000139772892,0,0.03557800129055977,0.9993669986724854,0.000004999999873689376,0,-0.0008580000139772892,0.00002499999936844688,1,0,0.002429000101983547,0.08299700170755386,0,1,0.9849870204925537,-0.16389599442481995,-0.0542140007019043,0,0.16342400014400482,0.9864689707756042,-0.013058002106845379,0,0.05561999976634979,0.004002001602202654,0.9984440207481384,0,0.039987001568078995,0.308353990316391,-0.017412999644875526,1,0.9953449964523315,0.09634800255298615,0.002466999925673008,0,-0.09250900149345398,0.9478740096092224,0.3049210011959076,0,0.02703999914228916,-0.3037300109863281,0.9523739814758301,0,-0.0051739998161792755,0.08614300191402435,0,1,0.9999520182609558,0.009734000079333782,-0.0011480000102892518,0,-0.009734000079333782,0.9999529719352722,0.000045000000682193786,0,0.0011480000102892518,-0.000033000011171679944,0.9999989867210388,0,0.0024939998984336853,0.08588500320911407,0,1,0.9992539882659912,0.032621998339891434,-0.020680999383330345,0,-0.03142600134015083,0.9979519844055176,0.05572200194001198,0,0.022456999868154526,-0.05503000319004059,0.9982320070266724,0,-0.044840000569820404,0.2629069983959198,-0.015855999663472176,1,0.9959329962730408,0.08612000197172165,0.026466000825166702,0,-0.0900299996137619,0.9401710033416748,0.328592985868454,0,0.003415999934077263,-0.3296389877796173,0.9441009759902954,0,-0.00725799985229969,0.08541399985551834,0,1,0.999019980430603,0.043333999812603,-0.009046000428497791,0,-0.04332999885082245,0.9990609884262085,0.0006549999816343188,0,0.009065999649465084,-0.0002629999944474548,0.9999589920043945,0,0.002257999964058399,0.07964599877595901,0,1,0.9374499917030334,0.3478510081768036,0.013705000281333923,0,-0.34673601388931274,0.9294880032539368,0.12580600380897522,0,0.031022999435663223,-0.12268900126218796,0.9919599890708923,0,-0.11606699973344803,0.21008899807929993,-0.011547000147402287,1,0.9980059862136841,0.056745000183582306,0.02763500064611435,0,-0.06294500082731247,0.92705899477005,0.369594007730484,0,-0.004647000227123499,-0.3705959916114807,0.9287819862365723,0,-0.0071840002201497555,0.0709180012345314,0,1,0.9997360110282898,0.022512000054121017,-0.004631999880075455,0,-0.02251099981367588,0.9997469782829285,0.00035799999022856355,0,0.004639000166207552,-0.0002530000056140125,0.9999889731407166,0,0.0032259998843073845,0.05860700085759163,0,1,-0.8410390019416809,0.02743399888277054,0.540278971195221,0,0.5407400131225586,0.07206299901008606,0.8380969762802124,0,-0.01594100333750248,0.9970229864120483,-0.07544200122356415,0,0.2560949921607971,-0.15797199308872223,-0.040674999356269836,1,0.9928799867630005,0.09042099863290787,-0.07755199819803238,0,-0.000021000059859943576,-0.650892972946167,-0.7591699957847595,0,-0.11912299692630768,0.7537649869918823,-0.6462560296058655,0,0,1.3753329515457153,0,1,0.9816939830780029,-0.09807799756526947,-0.1632709950208664,0,0.1546739935874939,-0.0896959975361824,0.9838849902153015,0,-0.11114300042390823,-0.9911280274391174,-0.07288400083780289,0,0,1.2331180572509766,0,1,0.887848973274231,-0.2257319986820221,0.4009610116481781,0,-0.25391098856925964,0.4863649904727936,0.8360490202903748,0,-0.3837360143661499,-0.8440939784049988,0.3745020031929016,0,0,0.4137510061264038,0,1,-0.9825459718704224,-0.116457000374794,-0.14505699276924133,0,-0.16113600134849548,0.14319400489330292,0.9764890074729919,0,-0.09294799715280533,0.9828190207481384,-0.15945999324321747,0,-0.2560949921607971,-0.15797199308872223,-0.039340000599622726,1,0.9996680021286011,0.024223001673817635,-0.008818001486361027,0,0.012848000973463058,-0.7647479772567749,-0.6442019939422607,0,-0.02234800159931183,0.6438739895820618,-0.764805018901825,0,0,1.3753269910812378,0,1,0.891185998916626,0.0952489972114563,-0.4435249865055084,0,0.4535430073738098,-0.16706599295139313,0.875436007976532,0,0.009285998530685902,-0.9813339710235596,-0.19208699464797974,0,0,1.2327829599380493,0,1,0.893875002861023,0.2102389931678772,-0.39596301317214966,0,0.28898099064826965,0.4050450026988983,0.8674269914627075,0,0.3427489995956421,-0.8897969722747803,0.30130499601364136,0,0,0.41258499026298523,0,1
