3.333,30,99,65
B0,mixamorig_Hips,-1,0.4296724498271942,0.28180989623069763,-0.8578838109970093,0,0.2952066659927368,0.854010283946991,0.4283919632434845,0,0.8533663153648376,-0.4373214840888977,0.2837519347667694,0,0.045260943472385406,2.249241828918457,0.0007406675722450018,1
B1,mixamorig_Spine,0,0.9852545261383057,-0.15125219523906708,0.0799785926938057,0,0.1336415708065033,0.9722021222114563,0.19225797057151794,0,-0.10683431476354599,-0.17873473465442657,0.9780798554420471,0,0,0.28454700112342834,-0.03201499953866005,1
B2,mixamorig_Spine1,1,0.9971684217453003,-0.07456271350383759,-0.009811545722186565,0,0.07367508858442307,0.9947118163108826,-0.07155942916870117,0,0.015095381066203117,0.07063392549753189,0.9973880052566528,0,0,0.3340660035610199,0,1
B3,mixamorig_Spine2,2,0.9969514012336731,-0.07792001962661743,-0.004014217294752598,0,0.07801077514886856,0.9963912963867188,0.033440012484788895,0,0.0013939689379185438,-0.033651456236839294,0.9994328618049622,0,0,0.38179001212120056,0,1
B4,mixamorig_Neck,3,0.9843183159828186,0.0455797053873539,0.17041277885437012,0,-0.020108971744775772,0.9887368679046631,-0.14830544590950012,0,-0.1752532720565796,0.14255282282829285,0.9741479754447937,0,0,0.42951399087905884,0,1
B5,mixamorig_Head,4,0.6369833946228027,0.3211674094200134,0.7007883191108704,0,-0.2172154188156128,0.947020947933197,-0.2365759313106537,0,-0.7396416664123535,-0.001527315005660057,0.6729987859725952,0,0,0.2276429980993271,0.060318998992443085,1
B6,mixamorig_HeadTop_End,5,1,0,0,0,0,1,0,0,0,0,1,0,0,0.6589959859848022,0.17461499571800232,1
B7,mixamorig_LeftShoulder,3,-0.2729683518409729,0.14561834931373596,-0.9509384036064148,0,0.9019016623497009,-0.30522432923316956,-0.3056320250034332,0,-0.3347555100917816,-0.9410812854766846,-0.048016808927059174,0,0.16997399926185608,0.3685550093650818,-0.008461999706923962,1
B8,mixamorig_LeftArm,7,0.5123487114906311,0.3769231140613556,-0.7716400027275085,0,-0.019781000912189484,0.9034736752510071,0.4281863272190094,0,0.8585498929023743,-0.204116553068161,0.4703497290611267,0,0,0.36368298530578613,0,1
B9,mixamorig_LeftForeArm,8,0.7700413465499878,0.6376627087593079,0.020552735775709152,0,-0.6375924348831177,0.768013060092926,0.060261357575654984,0,0.022641737014055252,-0.05950804799795151,0.997970700263977,0,0,0.7414150238037109,0,1
B10,mixamorig_LeftHand,9,0.8167790174484253,0.44727110862731934,0.36444464325904846,0,-0.3534030616283417,0.8871570229530334,-0.2967461049556732,0,-0.45604637265205383,0.11358045786619186,0.8826784491539001,0,0,0.7164419889450073,0,1
B11,mixamorig_LeftHandThumb1,10,0.8779829740524292,0.3298510015010834,0.34690600633621216,0,-0.4552609920501709,0.7993289828300476,0.3921869993209839,0,-0.14792899787425995,-0.5022670030593872,0.8519653081893921,0,-0.05294099822640419,0.08002900332212448,0.06036200001835823,1
B12,mixamorig_LeftHandThumb2,11,0.9798070192337036,0.036720000207424164,0.19654299318790436,0,-0.052170999348163605,0.9958909749984741,0.07402399927377701,0,-0.19301700592041016,-0.08278299868106842,0.9776970148086548,0,-0.024449000135064125,0.08733200281858444,0,1
B13,mixamorig_LeftHandThumb3,12,0.8504850268363953,0.5237200260162354,-0.04892199859023094,0,-0.5241649746894836,0.8360819816589355,-0.16192199289798737,0,-0.04389899969100952,0.1633549928665161,0.9855899810791016,0,0.010323000140488148,0.09297499805688858,0,1
B14,mixamorig_LeftHandThumb4,13,1,0,0,0,0,1,0,0,0,0,1,0,0.014125999994575977,0.07835999876260757,0,1
B15,mixamorig_LeftHandIndex1,10,0.9239270091056824,0.3801819980144501,-0.04266300052404404,0,-0.3825649917125702,0.9176939725875854,-0.10715500265359879,0,-0.001586311380378902,0.11532499641180038,0.9933270215988159,0,-0.1271979957818985,0.3301219940185547,-0.00661400007084012,1
B16,mixamorig_LeftHandIndex2,15,0.9944339990615845,-0.10461500287055969,-0.01247899979352951,0,0.10434400290250778,0.9615569710731506,0.25400999188423157,0,-0.014573999680578709,-0.2538990080356598,0.9671210050582886,0,0.004093000199645758,0.08040200173854828,0,1
B17,mixamorig_LeftHandIndex3,16,0.9990389943122864,-0.043765999376773834,-0.002225999953225255,0,0.04378499835729599,0.9947829842567444,0.0921420007944107,0,-0.0018179999897256494,-0.09215100109577179,0.9957429766654968,0,-0.0012730000307783484,0.07176800072193146,0,1
B18,mixamorig_LeftHandIndex4,17,1,0,0,0,0,1,0,0,0,0,1,0,-0.002819000044837594,0.0575300008058548,0,1
B19,mixamorig_LeftHandMiddle1,10,0.9726369976997375,0.22761200368404388,0.046581998467445374,0,-0.2310360074043274,0.9687100052833557,0.09067799896001816,0,-0.024484999477863312,-0.09895899891853333,0.9947900176048279,0,-0.04712500050663948,0.29318100214004517,-0.022520000115036964,1
B20,mixamorig_LeftHandMiddle2,19,0.9914799928665161,-0.12894931435585022,-0.018404999747872353,0,0.12929099798202515,0.9570930004119873,0.25933998823165894,0,-0.015825999900698662,-0.25951099395751953,0.9656109809875488,0,0.006639999803155661,0.09613300114870071,0,1
B21,mixamorig_LeftHandMiddle3,20,0.9983199834823608,-0.05794600024819374,-0.00021300000662449747,0,0.057718999683856964,0.9940789937973022,0.09206700325012207,0,-0.005123000126332045,-0.09192399680614471,0.9957529902458191,0,-0.0018439999548718333,0.08786199986934662,0,1
B22,mixamorig_LeftHandMiddle4,21,1,0,0,0,0,1,0,0,0,0,1,0,-0.004796000197529793,0.07533500343561172,0,1
B23,mixamorig_LeftHandRing1,10,0.9969260096549988,-0.07792700082063675,0.0080960001796484,0,0.0743430033326149,0.9735299944877625,0.21613000333309174,0,-0.024723999202251434,-0.21486400067806244,0.9763309955596924,0,0.053543999791145325,0.29100799560546875,-0.019807999953627586,1
B24,mixamorig_LeftHandRing2,23,0.9674019813537598,-0.23126499354839325,-0.1032010018825531,0,0.22325199842453003,0.5864199995994568,0.7786329984664917,0,-0.11955100297927856,-0.776291012763977,0.6189339756965637,0,0.005867999978363514,0.07867699861526489,0,1
B25,mixamorig_LeftHandRing3,24,0.9917392730712891,-0.10944899916648865,-0.06688500195741653,0,0.1274379938840866,0.7815120220184326,0.6107360124588013,0,-0.014573000371456146,-0.6142150163650513,0.7890040278434753,0,-0.0028119999915361404,0.07310599833726883,0,1
B26,mixamorig_LeftHandRing4,25,1,0,0,0,0,1,0,0,0,0,1,0,-0.0030559999868273735,0.05968699976801872,0,1
B27,mixamorig_LeftHandPinky1,10,0.9857289791107178,-0.15955199301242828,0.05367400124669075,0,0.14504699409008026,0.9668359756469727,0.2102133184671402,0,-0.0854329988360405,-0.19942831993103027,0.9761809706687927,0,0.12077999860048294,0.2229979932308197,-0.00686099985614419,1
B28,mixamorig_LeftHandPinky2,27,0.9580569863319397,-0.26224398612976074,-0.11556000262498856,0,0.2527489960193634,0.5831649899482727,0.7720339894294739,0,-0.13507099449634552,-0.7688609957695007,0.624987006187439,0,0.007691000122576952,0.058476999402046204,0,1
B29,mixamorig_LeftHandPinky3,28,0.9935269951820374,-0.08057799935340881,-0.08007368445396423,0,0.11282899975776672,0.7818740010261536,0.6131412982940674,0,0.013201689347624779,-0.6182069778442383,0.7859039902687073,0,-0.0036830001045018435,0.057537999004125595,0,1
B30,mixamorig_LeftHandPinky4,29,1,0,0,0,0,1,0,0,0,0,1,0,-0.004009000025689602,0.04541200026869774,0,1
B31,mixamorig_RightShoulder,3,0.19991587102413177,-0.06273739039897919,0.9778023958206177,0,-0.9233044981956482,-0.34606796503067017,0.16656947135925293,0,0.3279368579387665,-0.936109721660614,-0.12711027264595032,0,-0.16997399926185608,0.3681989908218384,-0.005295000039041042,1
B32,mixamorig_RightArm,31,0.5207310318946838,-0.002080240286886692,-0.8537179231643677,0,0.27937638759613037,0.9453514814376831,0.16810396313667297,0,0.8067136406898499,-0.3260463774204254,0.4928554892539978,0,0,0.36368298530578613,0,1
B33,mixamorig_RightForeArm,32,0.6846724152565002,-0.7283181548118591,-0.027855820953845978,0,0.7282281517982483,0.6820077300071716,0.06744612753391266,0,-0.030124131590127945,-0.06646312773227692,0.9973340034484863,0,0,0.7402600049972534,0,1
B34,mixamorig_RightHand,33,0.8323997855186462,-0.044562067836523056,0.5523801445960999,0,0.42704781889915466,0.6868342757225037,-0.5881233215332031,0,-0.35318630933761597,0.7254462838172913,0.5907511711120605,0,0,0.715919017791748,0,1
B35,mixamorig_RightHandThumb1,34,0.9122229814529419,-0.2395080029964447,-0.33239299058914185,0,0.39844900369644165,0.707431972026825,0.583761990070343,0,0.09532999992370605,-0.6649630069732666,0.7407670021057129,0,0.05251700058579445,0.0796549990773201,0.05785299837589264,1
B36,mixamorig_RightHandThumb2,35,0.9964407086372375,0.05905599892139435,-0.060155998915433884,0,-0.06438300013542175,0.9937809705734253,-0.09085399657487869,0,0.054416000843048096,0.09440399706363678,0.9940459728240967,0,0.021980000659823418,0.08651500195264816,0,1
B37,mixamorig_RightHandThumb3,36,0.9468179941177368,0.3094269931316376,-0.08826199918985367,0,-0.3200100064277649,0.8768839836120605,-0.35870200395584106,0,-0.03359600156545639,0.3678700029850006,0.9292700290679932,0,-0.009847999550402164,0.09419199824333191,0,1
B38,mixamorig_RightHandThumb4,37,1,0,0,0,0,1,0,0,0,0,1,0,-0.012133000418543816,0.0746849998831749,0,1
B39,mixamorig_RightHandIndex1,34,0.9915189743041992,-0.1293633133172989,-0.012430000118911266,0,0.12540431320667267,0.97748202085495,-0.16971468925476074,0,0.03410430997610092,0.16671667993068695,0.985414981842041,0,0.12092000246047974,0.31066200137138367,-0.010487999767065048,1
B40,mixamorig_RightHandIndex2,39,0.9976670145988464,0.06817799806594849,0.0035689999349415302,0,-0.06816331297159195,0.9917839765548706,0.10825300216674805,0,0.0038399999029934406,-0.10824368894100189,0.994117021560669,0,-0.0020759999752044678,0.08308299630880356,0,1
B41,mixamorig_RightHandIndex3,40,0.9997090101242065,-0.024095000699162483,0.000775999971665442,0,0.023933999240398407,0.9958480000495911,0.08782999962568283,0,-0.0028890001121908426,-0.0877859964966774,0.9961349964141846,0,0.002429000101983547,0.08299700170755386,0,1
B42,mixamorig_RightHandIndex4,41,1,0,0,0,0,1,0,0,0,0,1,0,-0.0003530000103637576,0.05992899835109711,0,1
B43,mixamorig_RightHandMiddle1,34,0.9897210001945496,-0.13686800003051758,-0.041467998176813126,0,0.13832400739192963,0.9897850155830383,0.03453800082206726,0,0.036316998302936554,-0.03991900011897087,0.9985430240631104,0,0.039987001568078995,0.308353990316391,-0.017412999644875526,1
B44,mixamorig_RightHandMiddle2,43,0.9944180250167847,0.10512799769639969,0.009045000188052654,0,-0.10548699647188187,0.9884309768676758,0.10898199677467346,0,0.002517000073567033,-0.10932731628417969,0.9940029978752136,0,-0.0051739998161792755,0.08614300191402435,0,1
B45,mixamorig_RightHandMiddle3,44,0.9997990131378174,0.019948311150074005,0.001908999984152615,0,-0.02003300003707409,0.9973819851875305,0.0694890022277832,0,-0.0005179999861866236,-0.06951399892568588,0.9975810050964355,0,0.0024939998984336853,0.08588500320911407,0,1
B46,mixamorig_RightHandMiddle4,45,1,0,0,0,0,1,0,0,0,0,1,0,0.00267999991774559,0.06950999796390533,0,1
B47,mixamorig_RightHandRing1,34,0.9999150037765503,-0.003024311503395438,-0.012666000053286552,0,0.007361311465501785,0.9336050152778625,0.35822832584381104,0,0.010741000063717365,-0.35829100012779236,0.9335479736328125,0,-0.044840000569820404,0.2629069983959198,-0.015855999663472176,1
B48,mixamorig_RightHandRing2,47,0.9865120053291321,0.1602596938610077,0.033326998353004456,0,-0.1612509936094284,0.9164680242538452,0.36617499589920044,0,0.028139999136328697,-0.36660999059677124,0.9299489855766296,0,-0.00725799985229969,0.08541399985551834,0,1
B49,mixamorig_RightHandRing3,48,0.994638979434967,0.09708700329065323,0.03558899834752083,0,-0.10296499729156494,0.8982040286064148,0.4273490011692047,0,0.009523310698568821,-0.4287223219871521,0.9033859968185425,0,0.002257999964058399,0.07964599877595901,0,1
B50,mixamorig_RightHandRing4,49,1,0,0,0,0,1,0,0,0,0,1,0,0.004999999888241291,0.06913899630308151,0,1
B51,mixamorig_RightHandPinky1,34,0.9782800078392029,0.1965309977531433,0.06590968370437622,0,-0.20439499616622925,0.8616210222244263,0.46457698941230774,0,0.03451500087976456,-0.467958003282547,0.8830770254135132,0,-0.11606699973344803,0.21008899807929993,-0.011547000147402287,1
B52,mixamorig_RightHandPinky2,51,0.9713680148124695,0.22582300007343292,0.0738070011138916,0,-0.22484099864959717,0.7734439969062805,0.5926480293273926,0,0.07674799859523773,-0.592274010181427,0.8020730018615723,0,-0.0071840002201497555,0.0709180012345314,0,1
B53,mixamorig_RightHandPinky3,52,0.9855070114135742,0.10796800255775452,0.13083699345588684,0,-0.16770169138908386,0.5040479898452759,0.8472380042076111,0,0.025526000186800957,-0.8569002747535706,0.5148497223854065,0,0.0032259998843073845,0.05860700085759163,0,1
B54,mixamorig_RightHandPinky4,53,1,0,0,0,0,1,0,0,0,0,1,0,0.003957999870181084,0.0517750009894371,0,1
B55,mixamorig_LeftUpLeg,0,-0.9280376434326172,0.3525811433792114,0.12013421952724457,0,-0.02900288999080658,-0.38994094729423523,0.9203822016716003,0,0.37135472893714905,0.8506647944450378,0.3721062242984772,0,0.2560949921607971,-0.15797199308872223,-0.040674999356269836,1
B56,mixamorig_LeftLeg,55,0.9877053499221802,0.15227769315242767,-0.03535037115216255,0,-0.052732646465301514,0.1116679459810257,-0.9923451542854309,0,-0.14716428518295288,0.9820088148117065,0.11832544207572937,0,0,1.3753329515457153,0,1
B57,mixamorig_LeftFoot,56,0.7298951148986816,-0.3468656837940216,0.589013397693634,0,-0.5475345253944397,0.21917816996574402,0.8075680136680603,0,-0.4092174470424652,-0.9119454622268677,-0.029944296926259995,0,0,1.2331180572509766,0,1
B58,mixamorig_LeftToeBase,57,0.9627499580383301,-0.014715535566210747,0.26999151706695557,0,-0.15011225640773773,0.8014201521873474,0.5789582133293152,0,-0.22489602863788605,-0.5979214906692505,0.7693578004837036,0,0,0.4137510061264038,0,1
B59,mixamorig_LeftToe_End,58,1,0,0,0,0,1,0,0,0,0,1,0,0,0.16649700701236725,0,1
B60,mixamorig_RightUpLeg,0,-0.7113438248634338,0.4425661265850067,-0.5460078716278076,0,-0.6472419500350952,-0.10964888334274292,0.7543564438819885,0,0.2739837169647217,0.8900067806243896,0.3644464612007141,0,-0.2560949921607971,-0.15797199308872223,-0.039340000599622726,1
B61,mixamorig_RightLeg,60,0.9861589670181274,-0.13766899704933167,-0.09240078181028366,0,0.08735682815313339,0.9050835371017456,-0.41616421937942505,0,0.14092297852039337,0.4023319184780121,0.9045826196670532,0,0,1.3753269910812378,0,1
B62,mixamorig_RightFoot,61,0.7311328053474426,-0.2002999633550644,-0.6521689295768738,0,0.31953099370002747,0.9451369047164917,0.06794083118438721,0,0.6027806997299194,-0.2580609917640686,0.7550227642059326,0,0,1.2327829599380493,0,1
B63,mixamorig_RightToeBase,62,0.9622833728790283,0.01930660754442215,-0.27136340737342834,0,0.1509099155664444,0.7920606732368469,0.5914954543113708,0,0.22635668516159058,-0.6101377606391907,0.7592726945877075,0,0,0.41258499026298523,0,1
B64,mixamorig_RightToe_End,63,1,0,0,0,0,1,0,0,0,0,1,0,0,0.16634300351142883,0,1
@52,0,1,2,3,4,5,7,8,9,10,11,12,13,15,16,17,19,20,21,23,24,25,27,28,29,31,32,33,34,35,36,37,39,40,41,43,44,45,47,48,49,51,52,53,55,56,57,58,60,61,62,63
K0.000,0.4245460033416748,0.26910400390625,-0.8644899725914001,0,0.30448099970817566,0.8567649722099304,0.4162279963493347,0,0.8526740074157715,-0.43992799520492554,0.28179898858070374,0,0.05954299867153168,2.2880289554595947,0.04409699887037277,1,0.9863960146903992,-0.14594799280166626,0.0756400004029274,0,0.12978500127792358,0.9738360047340393,0.18654599785804749,0,-0.1008870005607605,-0.17419099807739258,0.9795299768447876,0,0,0.28454700112342834,-0.03201499953866005,1,0.9974200129508972,-0.07135199755430222,-0.007829000242054462,0,0.0705529972910881,0.9946029782295227,-0.07607100158929825,0,0.013214999809861183,0.07532300055027008,0.9970719814300537,0,0,0.3340660035610199,0,1,0.9971969723701477,-0.07479199767112732,-0.0020280000753700733,0,0.07481899857521057,0.9967790246009827,0.028862999752163887,0,-0.00013699999544769526,-0.028934000059962273,0.999580979347229,0,0,0.38179001212120056,0,1,0.9842150211334229,0.04680300131440163,0.1706780046224594,0,-0.02230899967253208,0.9895150065422058,-0.1426980048418045,0,-0.17556700110435486,0.13663800060749054,0.9749389886856079,0,0,0.42951399087905884,0,1,0.6392269730567932,0.31576600670814514,0.7011989951133728,0,-0.21534299850463867,0.9488310217857361,-0.23096899688243866,0,-0.7382519841194153,-0.0033569999504834414,0.6745169758796692,0,0,0.2276429980993271,0.060318998992443085,1,-0.2667649984359741,0.14308799803256989,-0.9530799984931946,0,0.9058529734611511,-0.3004010021686554,-0.2986460030078888,0,-0.3290390074253082,-0.9430189728736877,-0.049479998648166656,0,0.16997399926185608,0.3685550093650818,-0.008461999706923962,1,0.5100619792938232,0.36855098605155945,-0.7771790027618408,0,0.0009330000029876828,0.9033139944076538,0.4289790093898773,0,0.8601369857788086,-0.21953099966049194,0.4604020118713379,0,0,0.36368298530578613,0,1,0.7719900012016296,0.6353089809417725,0.020369000732898712,0,-0.635237991809845,0.7699790000915527,0.06003899872303009,0,0.022460000589489937,-0.05928799882531166,0.9979879856109619,0,0,0.7414150238037109,0,1,0.8147540092468262,0.4514789879322052,0.36379000544548035,0,-0.3589720129966736,0.8855059742927551,-0.2949869930744171,0,-0.45531898736953735,0.10975199937820435,0.883538007736206,0,0,0.7164419889450073,0,1,0.8779829740524292,0.3298510015010834,0.34690600633621216,0,-0.4552609920501709,0.7993289828300476,0.3921869993209839,0,-0.14792899787425995,-0.5022670030593872,0.8519650101661682,0,-0.05294099822640419,0.08002900332212448,0.06036200001835823,1,0.9798070192337036,0.036720000207424164,0.19654299318790436,0,-0.052170999348163605,0.9958909749984741,0.07402399927377701,0,-0.19301700592041016,-0.08278299868106842,0.9776970148086548,0,-0.024449000135064125,0.08733200281858444,0,1,0.8504850268363953,0.5237200260162354,-0.04892199859023094,0,-0.5241649746894836,0.8360819816589355,-0.16192199289798737,0,-0.04389899969100952,0.1633549928665161,0.9855899810791016,0,0.010323000140488148,0.09297499805688858,0,1,0.9239270091056824,0.3801819980144501,-0.042663998901844025,0,-0.3825649917125702,0.9176939725875854,-0.10715500265359879,0,-0.001585999969393015,0.11532499641180038,0.9933270215988159,0,-0.1271979957818985,0.3301219940185547,-0.00661400007084012,1,0.9944339990615845,-0.10461500287055969,-0.01247899979352951,0,0.10434400290250778,0.9615569710731506,0.25400999188423157,0,-0.014573999680578709,-0.2538990080356598,0.9671210050582886,0,0.004093000199645758,0.08040200173854828,0,1,0.9990389943122864,-0.043765999376773834,-0.002225999953225255,0,0.04378499835729599,0.9947829842567444,0.0921420007944107,0,-0.0018179999897256494,-0.09215100109577179,0.9957429766654968,0,-0.0012730000307783484,0.07176800072193146,0,1,0.9726369976997375,0.22761200368404388,0.046581998467445374,0,-0.2310360074043274,0.9687100052833557,0.09067700058221817,0,-0.024484999477863312,-0.09895800054073334,0.9947900176048279,0,-0.04712500050663948,0.29318100214004517,-0.022520000115036964,1,0.9914799928665161,-0.12894900143146515,-0.018404999747872353,0,0.12929099798202515,0.9570930004119873,0.25933998823165894,0,-0.015825999900698662,-0.25951001048088074,0.9656109809875488,0,0.006639999803155661,0.09613300114870071,0,1,0.9983199834823608,-0.05794600024819374,-0.00021300000662449747,0,0.057718999683856964,0.9940789937973022,0.09206700325012207,0,-0.005123000126332045,-0.0919250026345253,0.9957529902458191,0,-0.0018439999548718333,0.08786199986934662,0,1,0.9969260096549988,-0.07792700082063675,0.0080960001796484,0,0.0743430033326149,0.9735299944877625,0.21613000333309174,0,-0.024723999202251434,-0.21486400067806244,0.9763309955596924,0,0.053543999791145325,0.29100799560546875,-0.019807999953627586,1,0.9674019813537598,-0.23126499354839325,-0.1032010018825531,0,0.22325199842453003,0.586421012878418,0.7786329984664917,0,-0.11955100297927856,-0.776291012763977,0.6189349889755249,0,0.005867999978363514,0.07867699861526489,0,1,0.9917389750480652,-0.10944899916648865,-0.06688500195741653,0,0.1274379938840866,0.7815120220184326,0.6107360124588013,0,-0.014573000371456146,-0.6142150163650513,0.7890040278434753,0,-0.0028119999915361404,0.07310599833726883,0,1,0.9857289791107178,-0.1595509946346283,0.05367400124669075,0,0.14504699409008026,0.9668359756469727,0.21021300554275513,0,-0.0854329988360405,-0.1994280070066452,0.9761809706687927,0,0.12077999860048294,0.2229979932308197,-0.00686099985614419,1,0.9580569863319397,-0.26224398612976074,-0.11556100100278854,0,0.2527489960193634,0.5831649899482727,0.7720339894294739,0,-0.13507099449634552,-0.7688609957695007,0.624987006187439,0,0.007691000122576952,0.058476999402046204,0,1,0.9935269951820374,-0.08057799935340881,-0.0800739973783493,0,0.11282899975776672,0.7818740010261536,0.6131420135498047,0,0.0132020004093647,-0.6182069778442383,0.7859039902687073,0,-0.0036830001045018435,0.057537999004125595,0,1,0.1982640027999878,-0.06332600116729736,0.9781010150909424,0,-0.9248149991035461,-0.34263598918914795,0.16527900099754333,0,0.32466599345207214,-0.9373310208320618,-0.1264979988336563,0,-0.16997399926185608,0.3681989908218384,-0.005295000039041042,1,0.5273020267486572,-0.0010319999419152737,-0.8496779799461365,0,0.26711800694465637,0.9494990110397339,0.16461800038814545,0,0.8065980076789856,-0.3137669861316681,0.5009480118751526,0,0,0.36368298530578613,0,1,0.6830049753189087,-0.7298769950866699,-0.02800999954342842,0,0.7297859787940979,0.680325984954834,0.06758999824523926,0,-0.03027700074017048,-0.06660600006580353,0.9973199963569641,0,0,0.7402600049972534,0,1,0.8383150100708008,-0.031060000881552696,0.5443000197410583,0,0.41075399518013,0.692454993724823,-0.5931169986724854,0,-0.3584809899330139,0.7207919955253601,0.5932530164718628,0,0,0.715919017791748,0,1,0.9122229814529419,-0.2395080029964447,-0.33239299058914185,0,0.39844900369644165,0.707431972026825,0.583761990070343,0,0.09532999992370605,-0.6649630069732666,0.7407670021057129,0,0.05251700058579445,0.0796549990773201,0.05785299837589264,1,0.9964410066604614,0.05905500054359436,-0.060155998915433884,0,-0.06438300013542175,0.9937809705734253,-0.09085399657487869,0,0.054416000843048096,0.09440399706363678,0.9940459728240967,0,0.021980000659823418,0.08651500195264816,0,1,0.9468179941177368,0.3094269931316376,-0.08826199918985367,0,-0.3200100064277649,0.8768839836120605,-0.35870200395584106,0,-0.03359699994325638,0.3678700029850006,0.9292700290679932,0,-0.009847999550402164,0.09419199824333191,0,1,0.9915189743041992,-0.1293639987707138,-0.012430000118911266,0,0.12540499866008759,0.97748202085495,-0.16971400380134583,0,0.03410499915480614,0.16671599447727203,0.985414981842041,0,0.12092000246047974,0.31066200137138367,-0.010487999767065048,1,0.9976670145988464,0.06817799806594849,0.0035699999425560236,0,-0.06816399842500687,0.9917839765548706,0.10825300216674805,0,0.0038399999029934406,-0.10824300348758698,0.994117021560669,0,-0.0020759999752044678,0.08308299630880356,0,1,0.9997090101242065,-0.024095000699162483,0.000775999971665442,0,0.023933999240398407,0.9958480000495911,0.08782999962568283,0,-0.0028890001121908426,-0.0877859964966774,0.9961349964141846,0,0.002429000101983547,0.08299700170755386,0,1,0.9897210001945496,-0.13686800003051758,-0.041467998176813126,0,0.13832400739192963,0.9897850155830383,0.03453800082206726,0,0.036316998302936554,-0.03991900011897087,0.9985430240631104,0,0.039987001568078995,0.308353990316391,-0.017412999644875526,1,0.9944180250167847,0.10512799769639969,0.009045000188052654,0,-0.10548699647188187,0.9884309768676758,0.10898199677467346,0,0.002517000073567033,-0.10932700335979462,0.9940029978752136,0,-0.0051739998161792755,0.08614300191402435,0,1,0.9997990131378174,0.01994900032877922,0.001908999984152615,0,-0.02003300003707409,0.9973819851875305,0.06949000060558319,0,-0.0005179999861866236,-0.06951399892568588,0.9975810050964355,0,0.0024939998984336853,0.08588500320911407,0,1,0.9999150037765503,-0.0030239999759942293,-0.012666000053286552,0,0.007360999938100576,0.9336050152778625,0.35822901129722595,0,0.010741000063717365,-0.35829201340675354,0.9335479736328125,0,-0.044840000569820404,0.2629069983959198,-0.015855999663472176,1,0.9865120053291321,0.16025899350643158,0.033326998353004456,0,-0.1612509936094284,0.9164680242538452,0.36617401242256165,0,0.028139999136328697,-0.36660900712013245,0.9299489855766296,0,-0.00725799985229969,0.08541399985551834,0,1,0.994638979434967,0.09708700329065323,0.03558899834752083,0,-0.10296499729156494,0.8982040286064148,0.4273490011692047,0,0.009523999877274036,-0.428723007440567,0.9033859968185425,0,0.002257999964058399,0.07964599877595901,0,1,0.9782800078392029,0.1965309977531433,0.06590999662876129,0,-0.20439499616622925,0.8616210222244263,0.46457698941230774,0,0.03451500087976456,-0.467958003282547,0.8830770254135132,0,-0.11606699973344803,0.21008899807929993,-0.011547000147402287,1,0.9713680148124695,0.22582300007343292,0.0738070011138916,0,-0.22484099864959717,0.7734439969062805,0.5926480293273926,0,0.07674799859523773,-0.592274010181427,0.8020730018615723,0,-0.0071840002201497555,0.0709180012345314,0,1,0.9855070114135742,0.10796800255775452,0.13083699345588684,0,-0.16770100593566895,0.5040479898452759,0.8472380042076111,0,0.025526000186800957,-0.8568999767303467,0.5148500204086304,0,0.0032259998843073845,0.05860700085759163,0,1,-0.939562976360321,0.31977400183677673,0.12233199924230576,0,-0.023238999769091606,-0.41604501008987427,0.90904700756073,0,0.34158599376678467,0.8512639999389648,0.39833199977874756,0,0.2560949921607971,-0.15797199308872223,-0.040674999356269836,1,0.987313985824585,0.15615999698638916,-0.02872299961745739,0,-0.05283400043845177,0.15251700580120087,-0.9868879914283752,0,-0.14973199367523193,0.9758849740028381,0.15883299708366394,0,0,1.3753329515457153,0,1,0.7314140200614929,-0.3452329933643341,0.5880879759788513,0,-0.5370579957962036,0.23982499539852142,0.8087350130081177,0,-0.42024001479148865,-0.9073579907417297,-0.009998999536037445,0,0,1.2331180572509766,0,1,0.9630020260810852,-0.01399299968034029,0.26912999153137207,0,-0.1496790051460266,0.802685022354126,0.5773149728775024,0,-0.22410500049591064,-0.5962380170822144,0.7708929777145386,0,0,0.4137510061264038,0,1,-0.7262189984321594,0.44143301248550415,-0.5270130038261414,0,-0.6363450288772583,-0.14156000316143036,0.758305013179779,0,0.26013699173927307,0.8860570192337036,0.3837069869041443,0,-0.2560949921607971,-0.15797199308872223,-0.039340000599622726,1,0.9858199954032898,-0.14060500264167786,-0.09159500151872635,0,0.08961699903011322,0.9026060104370117,-0.4210360050201416,0,0.14187400043010712,0.4068570137023926,0.9024069905281067,0,0,1.3753269910812378,0,1,0.7154480218887329,-0.1909710019826889,-0.6720600128173828,0,0.3256100118160248,0.9422069787979126,0.07889600098133087,0,0.6181529760360718,-0.27527499198913574,0.7362819910049438,0,0,1.2327829599380493,0,1,0.9625170230865479,0.018634000793099403,-0.2705810070037842,0,0.1505039930343628,0.7932469844818115,0.5900070071220398,0,0.2256309986114502,-0.608614981174469,0.7607089877128601,0,0,0.41258499026298523,0,1
K0.033,0.42443200945854187,0.269089013338089,-0.8645510077476501,0,0.3050360083580017,0.8565130233764648,0.4163379967212677,0,0.8525320291519165,-0.4404270052909851,0.2814500033855438,0,0.058529987931251526,2.2871789932250977,0.043491993099451065,1,0.9863809943199158,-0.14595000445842743,0.07582999765872955,0,0.1297689974308014,0.9738690257072449,0.18638500571250916,0,-0.10105200111865997,-0.17400600016117096,0.9795460104942322,0,0,0.28454700112342834,-0.03201499953866005,1,0.9974200129508972,-0.07135699689388275,-0.007826000452041626,0,0.07055599987506866,0.9945889711380005,-0.07625800371170044,0,0.013225000351667404,0.07550899684429169,0.9970570206642151,0,0,0.3340660035610199,0,1,0.9971969723701477,-0.07479699701070786,-0.0020219997968524694,0,0.07482399791479111,0.996783971786499,0.02867799811065197,0,-0.00012900010915473104,-0.028748998418450356,0.9995869994163513,0,0,0.38179001212120056,0,1,0.9841899871826172,0.04702100530266762,0.17076100409030914,0,-0.022515002638101578,0.9895079731941223,-0.14271000027656555,0,-0.1756799966096878,0.1366090029478073,0.9749230146408081,0,0,0.42951399087905884,0,1,0.6389390230178833,0.31613901257514954,0.7012940049171448,0,-0.2155739963054657,0.9487069845199585,-0.23126499354839325,0,-0.7384349703788757,-0.003417003434151411,0.6743159890174866,0,0,0.2276429980993271,0.060318998992443085,1,-0.2665320038795471,0.14301399886608124,-0.9531570076942444,0,0.9059829711914062,-0.3002620041370392,-0.29839199781417847,0,-0.3288710117340088,-0.9430739879608154,-0.04953800141811371,0,0.16997399926185608,0.3685550093650818,-0.008461999706923962,1,0.5095040202140808,0.36851099133491516,-0.7775639891624451,0,0.0006189972627907991,0.9034940004348755,0.4285989999771118,0,0.8604679703712463,-0.21885398030281067,0.4601059854030609,0,0,0.36368298530578613,0,1,0.7718390226364136,0.6354920268058777,0.020383000373840332,0,-0.6354209780693054,0.7698270082473755,0.06005600094795227,0,0.022474000230431557,-0.05930500105023384,0.9979869723320007,0,0,0.7414150238037109,0,1,0.8148069977760315,0.45135900378227234,0.36382099986076355,0,-0.3587369918823242,0.8855370283126831,-0.295183002948761,0,-0.4554100036621094,0.11000099778175354,0.8834599852561951,0,0,0.7164419889450073,0,1,0.8779829740524292,0.3298510015010834,0.34690600633621216,0,-0.4552609920501709,0.7993289828300476,0.3921869993209839,0,-0.14792899787425995,-0.5022670030593872,0.8519650101661682,0,-0.05294099822640419,0.08002900332212448,0.06036200001835823,1,0.9798070192337036,0.036720000207424164,0.19654299318790436,0,-0.052170999348163605,0.9958909749984741,0.07402399927377701,0,-0.19301700592041016,-0.08278299868106842,0.9776970148086548,0,-0.024449000135064125,0.08733200281858444,0,1,0.8504850268363953,0.5237200260162354,-0.04892199859023094,0,-0.5241649746894836,0.8360819816589355,-0.16192199289798737,0,-0.04389899969100952,0.1633549928665161,0.9855899810791016,0,0.010323000140488148,0.09297499805688858,0,1,0.9239270091056824,0.3801819980144501,-0.04266300052404404,0,-0.3825649917125702,0.9176939725875854,-0.10715500265359879,0,-0.0015869999770075083,0.11532499641180038,0.9933270215988159,0,-0.1271979957818985,0.3301219940185547,-0.00661400007084012,1,0.9944339990615845,-0.10461500287055969,-0.012480000033974648,0,0.10434400290250778,0.9615569710731506,0.25401100516319275,0,-0.014573999680578709,-0.2538990080356598,0.9671210050582886,0,0.004093000199645758,0.08040200173854828,0,1,0.9990389943122864,-0.043765999376773834,-0.002225999953225255,0,0.04378499835729599,0.9947829842567444,0.0921420007944107,0,-0.0018179999897256494,-0.09215100109577179,0.9957429766654968,0,-0.0012730000307783484,0.07176800072193146,0,1,0.9726369976997375,0.22761200368404388,0.046581998467445374,0,-0.2310360074043274,0.9687100052833557,0.09067799896001816,0,-0.024484999477863312,-0.09895899891853333,0.9947900176048279,0,-0.04712500050663948,0.29318100214004517,-0.022520000115036964,1,0.9914799928665161,-0.12894900143146515,-0.018404999747872353,0,0.12929099798202515,0.9570930004119873,0.25933998823165894,0,-0.0158270001411438,-0.25951001048088074,0.9656109809875488,0,0.006639999803155661,0.09613300114870071,0,1,0.9983199834823608,-0.05794600024819374,-0.00021300000662449747,0,0.057718999683856964,0.9940789937973022,0.09206700325012207,0,-0.005123999901115894,-0.09192399680614471,0.9957529902458191,0,-0.0018439999548718333,0.08786199986934662,0,1,0.9969260096549988,-0.07792700082063675,0.0080960001796484,0,0.0743430033326149,0.9735299944877625,0.21613000333309174,0,-0.024723999202251434,-0.21486400067806244,0.9763309955596924,0,0.053543999791145325,0.29100799560546875,-0.019807999953627586,1,0.9674019813537598,-0.23126499354839325,-0.1032010018825531,0,0.22325199842453003,0.586421012878418,0.7786329984664917,0,-0.11955100297927856,-0.776291012763977,0.6189349889755249,0,0.005867999978363514,0.07867699861526489,0,1,0.9917389750480652,-0.10944899916648865,-0.06688500195741653,0,0.1274379938840866,0.7815120220184326,0.6107360124588013,0,-0.014573000371456146,-0.6142150163650513,0.7890040278434753,0,-0.0028119999915361404,0.07310599833726883,0,1,0.9857289791107178,-0.1595509946346283,0.05367400124669075,0,0.14504699409008026,0.9668359756469727,0.21021300554275513,0,-0.08543399721384048,-0.1994280070066452,0.9761809706687927,0,0.12077999860048294,0.2229979932308197,-0.00686099985614419,1,0.9580569863319397,-0.26224398612976074,-0.11556100100278854,0,0.2527489960193634,0.5831649899482727,0.7720339894294739,0,-0.13507099449634552,-0.7688609957695007,0.624987006187439,0,0.007691000122576952,0.058476999402046204,0,1,0.9935269951820374,-0.08057799935340881,-0.08007299900054932,0,0.11282899975776672,0.7818740010261536,0.6131420135498047,0,0.013201000168919563,-0.6182069778442383,0.7859039902687073,0,-0.0036830001045018435,0.057537999004125595,0,1,0.19795697927474976,-0.06331299990415573,0.97816401720047,0,-0.924642026424408,-0.343284010887146,0.16490598022937775,0,0.32534700632095337,-0.9370949864387512,-0.1264979988336563,0,-0.16997399926185608,0.3681989908218384,-0.005295000039041042,1,0.5276299715042114,-0.0011849984293803573,-0.8494729995727539,0,0.26730799674987793,0.949429988861084,0.1647070199251175,0,0.8063200116157532,-0.313975989818573,0.5012649893760681,0,0,0.36368298530578613,0,1,0.6831690073013306,-0.7297229766845703,-0.027994999662041664,0,0.7296329736709595,0.6804919838905334,0.06757599860429764,0,-0.030261000618338585,-0.06659200042486191,0.9973210096359253,0,0,0.7402600049972534,0,1,0.8363699913024902,-0.028447989374399185,0.5474269986152649,0,0.4125460088253021,0.6902639865875244,-0.5944250226020813,0,-0.3609580099582672,0.7229980230331421,0.5890520215034485,0,0,0.715919017791748,0,1,0.9122229814529419,-0.2395080029964447,-0.33239299058914185,0,0.39844900369644165,0.707431972026825,0.583761990070343,0,0.09532999992370605,-0.6649630069732666,0.7407670021057129,0,0.05251700058579445,0.0796549990773201,0.05785299837589264,1,0.9964410066604614,0.05905500054359436,-0.060155998915433884,0,-0.06438300013542175,0.9937809705734253,-0.09085399657487869,0,0.054416000843048096,0.09440399706363678,0.9940459728240967,0,0.021980000659823418,0.08651500195264816,0,1,0.9468179941177368,0.3094269931316376,-0.08826199918985367,0,-0.3200100064277649,0.8768849968910217,-0.3587009906768799,0,-0.03359600156545639,0.3678700029850006,0.9292700290679932,0,-0.009847999550402164,0.09419199824333191,0,1,0.9915189743041992,-0.1293639987707138,-0.012430000118911266,0,0.12540499866008759,0.97748202085495,-0.16971400380134583,0,0.03410499915480614,0.16671599447727203,0.985414981842041,0,0.12092000246047974,0.31066200137138367,-0.010487999767065048,1,0.9976670145988464,0.06817799806594849,0.0035699999425560236,0,-0.06816300004720688,0.9917839765548706,0.10825300216674805,0,0.0038399999029934406,-0.10824400186538696,0.994117021560669,0,-0.0020759999752044678,0.08308299630880356,0,1,0.9997090101242065,-0.024095000699162483,0.000775999971665442,0,0.023933999240398407,0.9958480000495911,0.08782999962568283,0,-0.0028890001121908426,-0.0877859964966774,0.9961349964141846,0,0.002429000101983547,0.08299700170755386,0,1,0.9897210001945496,-0.13686800003051758,-0.041467998176813126,0,0.13832400739192963,0.9897850155830383,0.03453800082206726,0,0.036316998302936554,-0.03991900011897087,0.9985430240631104,0,0.039987001568078995,0.308353990316391,-0.017412999644875526,1,0.9944180250167847,0.10512799769639969,0.009045000188052654,0,-0.10548699647188187,0.9884309768676758,0.10898199677467346,0,0.002517000073567033,-0.1093280017375946,0.9940029978752136,0,-0.0051739998161792755,0.08614300191402435,0,1,0.9997990131378174,0.019948000088334084,0.001908999984152615,0,-0.02003300003707409,0.9973819851875305,0.0694890022277832,0,-0.0005179999861866236,-0.06951399892568588,0.9975810050964355,0,0.0024939998984336853,0.08588500320911407,0,1,0.9999150037765503,-0.0030239999759942293,-0.012666000053286552,0,0.007360999938100576,0.9336050152778625,0.35822901129722595,0,0.010741000063717365,-0.35829100012779236,0.9335479736328125,0,-0.044840000569820404,0.2629069983959198,-0.015855999663472176,1,0.9865120053291321,0.16025899350643158,0.033326998353004456,0,-0.1612509936094284,0.9164680242538452,0.36617401242256165,0,0.028139999136328697,-0.36660999059677124,0.9299489855766296,0,-0.00725799985229969,0.08541399985551834,0,1,0.994638979434967,0.09708700329065323,0.03558899834752083,0,-0.10296499729156494,0.8982040286064148,0.4273490011692047,0,0.0095229996368289,-0.428723007440567,0.9033859968185425,0,0.002257999964058399,0.07964599877595901,0,1,0.9782800078392029,0.1965309977531433,0.06590999662876129,0,-0.20439499616622925,0.8616210222244263,0.46457698941230774,0,0.03451500087976456,-0.467958003282547,0.8830770254135132,0,-0.11606699973344803,0.21008899807929993,-0.011547000147402287,1,0.9713680148124695,0.22582300007343292,0.0738070011138916,0,-0.22484000027179718,0.7734439969062805,0.5926480293273926,0,0.07674799859523773,-0.592274010181427,0.8020730018615723,0,-0.0071840002201497555,0.0709180012345314,0,1,0.9855070114135742,0.10796800255775452,0.13083699345588684,0,-0.16770200431346893,0.5040479898452759,0.8472380042076111,0,0.025526000186800957,-0.8568999767303467,0.5148500204086304,0,0.0032259998843073845,0.05860700085759163,0,1,-0.9394069910049438,0.3200789988040924,0.12273400276899338,0,-0.022520994767546654,-0.41488298773765564,0.9095960259437561,0,0.3420630097389221,0.8517169952392578,0.3969529867172241,0,0.2560949921607971,-0.15797199308872223,-0.040674999356269836,1,0.9873629808425903,0.15582799911499023,-0.028831999748945236,0,-0.05278800055384636,0.1518619954586029,-0.9869909882545471,0,-0.14942200481891632,0.9760410189628601,0.1581690013408661,0,0,1.3753329515457153,0,1,0.7318869829177856,-0.346127986907959,0.5869730114936829,0,-0.5357509851455688,0.24000899493694305,0.8095470070838928,0,-0.421085000038147,-0.9069679975509644,-0.00977899320423603,0,0,1.2331180572509766,0,1,0.9628599882125854,-0.01439900416880846,0.2696160078048706,0,-0.14992299675941467,0.8019739985466003,0.5782399773597717,0,-0.2245510071516037,-0.5971860289573669,0.7700300216674805,0,0,0.4137510061264038,0,1,-0.7261940240859985,0.4411109983921051,-0.5273169875144958,0,-0.6362400054931641,-0.14061498641967773,0.7585690021514893,0,0.26046401262283325,0.8863679766654968,0.3827660083770752,0,-0.2560949921607971,-0.15797199308872223,-0.039340000599622726,1,0.9858260154724121,-0.14063000679016113,-0.09149199724197388,0,0.08967100083827972,0.9025670289993286,-0.4211080074310303,0,0.1417980045080185,0.4069350063800812,0.9023839831352234,0,0,1.3753269910812378,0,1,0.7153750061988831,-0.19134099781513214,-0.6720319986343384,0,0.32563599944114685,0.9422420263290405,0.07836199551820755,0,0.6182230114936829,-0.2748959958553314,0.7363640069961548,0,0,1.2327829599380493,0,1,0.9625149965286255,0.01863900013267994,-0.2705860137939453,0,0.15050700306892395,0.7932389974594116,0.5900170207023621,0,0.22563600540161133,-0.6086249947547913,0.7606989741325378,0,0,0.41258499026298523,0,1
