0.700,30,20,65
B0,mixamorig_Hips,-1,0.9544339179992676,0.04775768890976906,0.29450368881225586,0,-0.08832154422998428,0.988050103187561,0.12608598172664642,0,-0.2849442958831787,-0.1463344693183899,0.9472822546958923,0,0.06005549430847168,2.867297410964966,0.1653260737657547,1
B1,mixamorig_Spine,0,0.9974062442779541,0.016056383028626442,0.06995922327041626,0,-0.01113248709589243,0.9974218606948853,-0.07010643184185028,0,-0.0708586797118187,0.06915265321731567,0.9950442910194397,0,0,0.28454700112342834,-0.03201499953866005,1
B2,mixamorig_Spine1,1,0.9994511604309082,0.00487626064568758,0.03275987133383751,0,-0.004864130634814501,0.9999860525131226,-0.0004276648978702724,0,-0.03276005759835243,0.0002678362943697721,0.9994611740112305,0,0,0.3340660035610199,0,1
B3,mixamorig_Spine2,2,0.9983026385307312,-0.04078999534249306,0.04156152904033661,0,0.040787775069475174,0.9991655349731445,0.000915678043384105,0,-0.04156355932354927,0.0007815455901436508,0.9991329908370972,0,0,0.38179001212120056,0,1
B4,mixamorig_Neck,3,0.9995587468147278,-0.006948668509721756,-0.028866024687886238,0,0.009434151463210583,0.9961755275726318,0.0868581086397171,0,0.02815191075205803,-0.08709261566400528,0.9958024621009827,0,0,0.42951399087905884,0,1
B5,mixamorig_Head,4,0.9383968710899353,-0.06983145326375961,-0.3384290635585785,0,-0.0090339882299304,0.9740382432937622,-0.2260272353887558,0,0.34543588757514954,0.2151598036289215,0.913401186466217,0,0,0.2276429980993271,0.060318998992443085,1
B6,mixamorig_HeadTop_End,5,1,0,0,0,0,1,0,0,0,0,1,0,0,0.6589959859848022,0.17461499571800232,1
B7,mixamorig_LeftShoulder,3,-0.10083098709583282,0.05632255971431732,-0.9933045506477356,0,0.9748443365097046,-0.19385811686515808,-0.1099490076303482,0,-0.19875271618366241,-0.9794115424156189,-0.03535778075456619,0,0.16997399926185608,0.3685550093650818,-0.008461999706923962,1
B8,mixamorig_LeftArm,7,0.5559130907058716,0.7393935322761536,-0.3793184161186218,0,-0.2610951066017151,0.5886663198471069,0.7649067640304565,0,0.7889572978019714,-0.326172411441803,0.5205669403076172,0,0,0.36368298530578613,0,1
B9,mixamorig_LeftForeArm,8,0.033975694328546524,0.9952471852302551,0.0901213139295578,0,-0.9951362013816833,0.025455467402935028,0.09405405819416046,0,0.09133261442184448,-0.0928782969713211,0.9914787411689758,0,0,0.7414150238037109,0,1
B10,mixamorig_LeftHand,9,0.9706777334213257,0.1981244534254074,-0.13591361045837402,0,-0.22268110513687134,0.9543894529342651,-0.19856682419776917,0,0.09041210263967514,0.22299686074256897,0.9705321788787842,0,0,0.7164419889450073,0,1
B11,mixamorig_LeftHandThumb1,10,0.887569010257721,0.3576050102710724,0.2904140055179596,0,-0.4528520107269287,0.792972981929779,0.4075770080089569,0,-0.0845390036702156,-0.4932669997215271,0.8657600283622742,0,-0.05294099822640419,0.08002900332212448,0.06036200001835823,1
B12,mixamorig_LeftHandThumb2,11,0.9168019890785217,-0.32374000549316406,0.2338079959154129,0,0.3632439970970154,0.9193050265312195,-0.1514350026845932,0,-0.16591499745845795,0.2237659990787506,0.9604169726371765,0,-0.024449000135064125,0.08733200281858444,0,1
B13,mixamorig_LeftHandThumb3,12,0.9967889785766602,-0.07910194247961044,-0.012472940608859062,0,0.07133500277996063,0.9478859901428223,-0.3105199933052063,0,0.03638594225049019,0.3086329996585846,0.9504849910736084,0,0.010323000140488148,0.09297499805688858,0,1
B14,mixamorig_LeftHandThumb4,13,1,0,0,0,0,1,0,0,0,0,1,0,0.014125999994575977,0.07835999876260757,0,1
B15,mixamorig_LeftHandIndex1,10,0.9947829842567444,0.09907300025224686,0.024336999282240868,0,-0.1008400022983551,0.9187660217285156,0.38170701265335083,0,0.015456999652087688,-0.3821690082550049,0.9239630103111267,0,-0.1271979957818985,0.3301219940185547,-0.00661400007084012,1
B16,mixamorig_LeftHandIndex2,15,0.989395022392273,-0.14116999506950378,-0.03417300060391426,0,0.13791200518608093,0.8392320275306702,0.5259940028190613,0,-0.04557500034570694,-0.5251290202140808,0.8498010039329529,0,0.004093000199645758,0.08040200173854828,0,1
B17,mixamorig_LeftHandIndex3,16,0.9911749958992004,-0.1148189976811409,-0.06624399870634079,0,0.12977999448776245,0.738772988319397,0.6613410115242004,0,-0.026995940133929253,-0.6641020178794861,0.7471550107002258,0,-0.0012730000307783484,0.07176800072193146,0,1
B18,mixamorig_LeftHandIndex4,17,1,0,0,0,0,1,0,0,0,0,1,0,-0.002819000044837594,0.0575300008058548,0,1
B19,mixamorig_LeftHandMiddle1,10,0.9975529909133911,0.05669200047850609,0.04092499986290932,0,-0.06979493796825409,0.7723249793052673,0.6313819885253906,0,0.00418699998408556,-0.6326929926872253,0.7743909955024719,0,-0.04712500050663948,0.29318100214004517,-0.022520000115036964,1
B20,mixamorig_LeftHandMiddle2,19,0.9739429950714111,-0.20745599269866943,-0.09163700044155121,0,0.19319593906402588,0.5472819805145264,0.8143450021743774,0,-0.11878900229930878,-0.8108289837837219,0.5731009840965271,0,0.006639999803155661,0.09613300114870071,0,1
B21,mixamorig_LeftHandMiddle3,20,0.9888420104980469,-0.13154800236225128,-0.06990599632263184,0,0.14622600376605988,0.7674959897994995,0.6241530179977417,0,-0.028452999889850616,-0.6274110078811646,0.7781680226325989,0,-0.0018439999548718333,0.08786199986934662,0,1
B22,mixamorig_LeftHandMiddle4,21,1,0,0,0,0,1,0,0,0,0,1,0,-0.004796000197529793,0.07533500343561172,0,1
B23,mixamorig_LeftHandRing1,10,0.9996579885482788,-0.01019699964672327,0.024095000699162483,0,-0.01576099917292595,0.5003730058670044,0.8656659722328186,0,-0.020882999524474144,-0.8657500147819519,0.5000410079956055,0,0.053543999791145325,0.29100799560546875,-0.019807999953627586,1
B24,mixamorig_LeftHandRing2,23,0.9498900175094604,-0.24477699398994446,-0.19440606236457825,0,0.2205210030078888,0.08397000283002853,0.9717609882354736,0,-0.22154000401496887,-0.9659370183944702,0.13373999297618866,0,0.005867999978363514,0.07867699861526489,0,1
B25,mixamorig_LeftHandRing3,24,0.9905459880828857,-0.11486600339412689,-0.07499700039625168,0,0.1358730047941208,0.7461770176887512,0.6517350077629089,0,-0.018902000039815903,-0.6557639837265015,0.7547289729118347,0,-0.0028119999915361404,0.07310599833726883,0,1
B26,mixamorig_LeftHandRing4,25,1,0,0,0,0,1,0,0,0,0,1,0,-0.0030559999868273735,0.05968699976801872,0,1
B27,mixamorig_LeftHandPinky1,10,0.9995579719543457,-0.028989000245928764,0.006532940547913313,0,-0.005259000230580568,0.04380299896001816,0.9990260004997253,0,-0.029247000813484192,-0.9986199736595154,0.04363099858164787,0,0.12077999860048294,0.2229979932308197,-0.00686099985614419,1
B28,mixamorig_LeftHandPinky2,27,0.9563009738922119,-0.26357901096343994,-0.12655100226402283,0,0.2506929934024811,0.5164110064506531,0.8188239932060242,0,-0.15047205984592438,-0.8147670030593872,0.5599219799041748,0,0.007691000122576952,0.058476999402046204,0,1
B29,mixamorig_LeftHandPinky3,28,0.9852359890937805,-0.08373100310564041,-0.14932900667190552,0,0.17073099315166473,0.415897011756897,0.8932420015335083,0,-0.012687000446021557,-0.9055489897727966,0.42405200004577637,0,-0.0036830001045018435,0.057537999004125595,0,1
B30,mixamorig_LeftHandPinky4,29,1,0,0,0,0,1,0,0,0,0,1,0,-0.004009000025689602,0.04541200026869774,0,1
B31,mixamorig_RightShoulder,3,-0.13061946630477905,-0.05451902374625206,0.9899142980575562,0,-0.9376081824302673,-0.3176659345626831,-0.14121681451797485,0,0.3221629858016968,-0.9466307163238525,-0.009637892246246338,0,-0.16997399926185608,0.3681989908218384,-0.005295000039041042,1
B32,mixamorig_RightArm,31,0.8989693522453308,-0.012470404617488384,0.43749135732650757,0,-0.28579452633857727,0.7398344874382019,0.6087033152580261,0,-0.33116868138313293,-0.6722710728645325,0.6618406176567078,0,0,0.36368298530578613,0,1
B33,mixamorig_RightForeArm,32,0.4579542279243469,-0.8875636458396912,-0.04885341599583626,0,0.8874537944793701,0.45337292551994324,0.0821923315525055,0,-0.05081375315785408,-0.0809951201081276,0.9954176545143127,0,0,0.7402600049972534,0,1
B34,mixamorig_RightHand,33,0.9936473369598389,0.021422535181045532,-0.10771795362234116,0,-0.03905568644404411,0.9853965640068054,-0.1652144342660904,0,0.10266809165477753,0.1686558723449707,0.9800723791122437,0,0,0.715919017791748,0,1
B35,mixamorig_RightHandThumb1,34,0.9094330072402954,-0.3972359895706177,-0.12302099913358688,0,0.4149259924888611,0.8470919728279114,0.33207300305366516,0,-0.02770099975168705,-0.35304298996925354,0.9351969957351685,0,0.05251700058579445,0.0796549990773201,0.05785299837589264,1
B36,mixamorig_RightHandThumb2,35,0.9897691607475281,0.11664986610412598,-0.08143266290426254,0,-0.12490373849868774,0.9865555167198181,-0.10481619834899902,0,0.06808101385831833,0.11395211517810822,0.9911420941352844,0,0.021980000659823418,0.08651500195264816,0,1
B37,mixamorig_RightHandThumb3,36,0.9999339580535889,-0.005915999878197908,0.009898999705910683,0,0.00844705943018198,0.9601029753684998,-0.27952098846435547,0,-0.00785099994391203,0.27958598732948303,0.9600890278816223,0,-0.009847999550402164,0.09419199824333191,0,1
B38,mixamorig_RightHandThumb4,37,1,0,0,0,0,1,0,0,0,0,1,0,-0.012133000418543816,0.0746849998831749,0,1
B39,mixamorig_RightHandIndex1,34,0.9940899610519409,-0.10691992193460464,-0.018745914101600647,0,0.10704310983419418,0.9942024946212769,0.005765688139945269,0,0.018029730767011642,-0.007739719469100237,0.9997727870941162,0,0.12092000246047974,0.31066200137138367,-0.010487999767065048,1
B40,mixamorig_RightHandIndex2,39,0.9933556318283081,0.11160019040107727,0.028090782463550568,0,-0.1118621677160263,0.8790239095687866,0.4633943438529968,0,0.027031688019633293,-0.4634569585323334,0.8856682777404785,0,-0.0020759999752044678,0.08308299630880356,0,1
B41,mixamorig_RightHandIndex3,40,0.9999882578849792,-0.003647239413112402,0.003156809601932764,0,0.002770588267594576,0.9699447751045227,0.24316734075546265,0,-0.0039404816925525665,-0.24315540492534637,0.9699443578720093,0,0.002429000101983547,0.08299700170755386,0,1
B42,mixamorig_RightHandIndex4,41,1,0,0,0,0,1,0,0,0,0,1,0,-0.0003530000103637576,0.05992899835109711,0,1
B43,mixamorig_RightHandMiddle1,34,0.9912281036376953,-0.12409690767526627,-0.045453935861587524,0,0.1286468207836151,0.9847652912139893,0.11683045327663422,0,0.030269335955381393,-0.12165402621030807,0.9920915961265564,0,0.039987001568078995,0.308353990316391,-0.017412999644875526,1
B44,mixamorig_RightHandMiddle2,43,0.9809893369674683,0.18230260908603668,0.06651675701141357,0,-0.17698629200458527,0.699913740158081,0.6919233798980713,0,0.07958891987800598,-0.6905423998832703,0.7188740372657776,0,-0.0051739998161792755,0.08614300191402435,0,1
B45,mixamorig_RightHandMiddle3,44,0.9979830980300903,0.059519872069358826,0.02206965535879135,0,-0.06347917765378952,0.9338173270225525,0.35201895236968994,0,0.0003487145295366645,-0.3527098596096039,0.9357129335403442,0,0.0024939998984336853,0.08588500320911407,0,1
B46,mixamorig_RightHandMiddle4,45,1,0,0,0,0,1,0,0,0,0,1,0,0.00267999991774559,0.06950999796390533,0,1
B47,mixamorig_RightHandRing1,34,0.9891216158866882,-0.13945168256759644,-0.046789441257715225,0,0.14563965797424316,0.9730382561683655,0.17855888605117798,0,0.020642412826418877,-0.1834316849708557,0.9827635288238525,0,-0.044840000569820404,0.2629069983959198,-0.015855999663472176,1
B48,mixamorig_RightHandRing2,47,0.9738982319831848,0.20765350759029388,0.09153219312429428,0,-0.1952192187309265,0.5612321496009827,0.8034770488739014,0,0.1156473159790039,-0.8003591299057007,0.5871460437774658,0,-0.00725799985229969,0.08541399985551834,0,1
B49,mixamorig_RightHandRing3,48,0.9958211183547974,0.08777163922786713,0.02467717044055462,0,-0.09091952443122864,0.9337822198867798,0.34447067975997925,0,0.007349476683884859,-0.3452785611152649,0.9378810524940491,0,0.002257999964058399,0.07964599877595901,0,1
B50,mixamorig_RightHandRing4,49,1,0,0,0,0,1,0,0,0,0,1,0,0.004999999888241291,0.06913899630308151,0,1
B51,mixamorig_RightHandPinky1,34,0.988200306892395,-0.1403500884771347,-0.061266012489795685,0,0.15142515301704407,0.9551684260368347,0.25390979647636414,0,0.022920925170183182,-0.26019465923309326,0.9651555418968201,0,-0.11606699973344803,0.21008899807929993,-0.011547000147402287,1
B52,mixamorig_RightHandPinky2,51,0.9719910025596619,0.22387026250362396,0.0710521787405014,0,-0.22319141030311584,0.7863125205039978,0.5734766721725464,0,0.07292588800191879,-0.5732308626174927,0.8143182396888733,0,-0.0071840002201497555,0.0709180012345314,0,1
B53,mixamorig_RightHandPinky3,52,0.9876502156257629,0.10634686797857285,0.1148410513997078,0,-0.1556004285812378,0.5873085856437683,0.7930770516395569,0,0.017161715775728226,-0.8011661171913147,0.5966405868530273,0,0.0032259998843073845,0.05860700085759163,0,1
B54,mixamorig_RightHandPinky4,53,1,0,0,0,0,1,0,0,0,0,1,0,0.003957999870181084,0.0517750009894371,0,1
B55,mixamorig_LeftUpLeg,0,-0.930833101272583,-0.23888912796974182,0.27607259154319763,0,0.3390122950077057,-0.8462143540382385,0.4107849597930908,0,0.13556012511253357,0.47602760791778564,0.8689073920249939,0,0.2560949921607971,-0.15797199308872223,-0.040674999356269836,1
B56,mixamorig_LeftLeg,55,0.981404721736908,0.1907791942358017,0.020541025325655937,0,-0.13999903202056885,0.7847469449043274,-0.6032695770263672,0,-0.13111142814159393,0.5891961455345154,0.7968865633010864,0,0,1.3753329515457153,0,1
B57,mixamorig_LeftFoot,56,0.9386154413223267,-0.10318741947412491,0.3283637464046478,0,-0.1443425565958023,0.7482669353485107,0.64485102891922,0,-0.3131922483444214,-0.6525363326072693,0.6874905228614807,0,0,1.2331180572509766,0,1
B58,mixamorig_LeftToeBase,57,0.9635017514228821,-0.012552930042147636,0.2673759162425995,0,-0.14882077276706696,0.8052052855491638,0.5739677548408508,0,-0.22249795496463776,-0.5928099751472473,0.7739481925964355,0,0,0.4137510061264038,0,1
B59,mixamorig_LeftToe_End,58,1,0,0,0,0,1,0,0,0,0,1,0,0,0.16649700701236725,0,1
B60,mixamorig_RightUpLeg,0,-0.8455823659896851,0.37451329827308655,-0.3803073465824127,0,-0.5275891423225403,-0.6939936280250549,0.48978832364082336,0,-0.08053038269281387,0.6148914098739624,0.7844099998474121,0,-0.2560949921607971,-0.15797199308872223,-0.039340000599622726,1
B61,mixamorig_RightLeg,60,0.9841809868812561,-0.16786713898181915,-0.00846566166728735,0,0.14091895520687103,0.8333798050880432,-0.531195878982544,0,0.0962960496544838,0.521639347076416,0.843821108341217,0,0,1.3753269910812378,0,1
B62,mixamorig_RightFoot,61,0.8676133155822754,-0.2088674008846283,-0.45021963119506836,0,0.35433298349380493,0.8950773477554321,0.26414772868156433,0,0.3470354676246643,-0.3889547884464264,0.8510271906852722,0,0,1.2327829599380493,0,1
B63,mixamorig_RightToeBase,62,0.9654526710510254,0.010131631046533585,-0.26035428047180176,0,0.14542128145694733,0.8082171082496643,0.5706030130386353,0,0.21620459854602814,-0.5887497663497925,0.7788220047950745,0,0,0.41258499026298523,0,1
B64,mixamorig_RightToe_End,63,1,0,0,0,0,1,0,0,0,0,1,0,0,0.16634300351142883,0,1
@52,0,1,2,3,4,5,7,8,9,10,11,12,13,15,16,17,19,20,21,23,24,25,27,28,29,31,32,33,34,35,36,37,39,40,41,43,44,45,47,48,49,51,52,53,55,56,57,58,60,61,62,63
K0.000,0.964713990688324,0.1207600012421608,0.23397299647331238,0,-0.12988699972629547,0.9912400245666504,0.023941000923514366,0,-0.2290329933166504,-0.05348600074648857,0.9719480276107788,0,-0.010571000166237354,2.763679027557373,0.04682600125670433,1,0.9947519898414612,-0.032628998160362244,-0.09697800129652023,0,0.03476100042462349,0.9991880059242249,0.020376000553369522,0,0.09623400121927261,-0.023639999330043793,0.9950780272483826,0,0,0.28454700112342834,-0.03201499953866005,1,0.9989749789237976,-0.00470300018787384,-0.04503000155091286,0,0.005816999822854996,0.9996799826622009,0.024630999192595482,0,0.04490000009536743,-0.02486800029873848,0.9986820220947266,0,0,0.3340660035610199,0,1,0.9979869723320007,-0.051284998655319214,-0.037317000329494476,0,0.052143000066280365,0.9983879923820496,0.022393999621272087,0,0.03610900044441223,-0.024295000359416008,0.9990530014038086,0,0,0.38179001212120056,0,1,0.999701976776123,-0.02273000031709671,-0.008957000449299812,0,0.023430999368429184,0.9958469867706299,0.08797399699687958,0,0.006920000072568655,-0.08815699815750122,0.9960830211639404,0,0,0.42951399087905884,0,1,0.9994819760322571,-0.019617000594735146,-0.025522999465465546,0,0.012636999599635601,0.9683200120925903,-0.2493939995765686,0,0.029606999829411507,0.24894200265407562,0.9680659770965576,0,0,0.2276429980993271,0.060318998992443085,1,-0.19068199396133423,0.06444399803876877,-0.9795339703559875,0,0.95489501953125,-0.2192080020904541,-0.20030799508094788,0,-0.22763000428676605,-0.9735479950904846,-0.019739000126719475,0,0.16997399926185608,0.3685550093650818,-0.008461999706923962,1,0.7939500212669373,0.5129669904708862,-0.3263550102710724,0,-0.20459499955177307,0.7308989763259888,0.6510980129241943,0,0.5725240111351013,-0.45016899704933167,0.6852480173110962,0,0,0.36368298530578613,0,1,0.1500380039215088,0.9855070114135742,0.07915099710226059,0,-0.9853969812393188,0.14254100620746613,0.09313400089740753,0,0.0805009976029396,-0.09196899831295013,0.9925029873847961,0,0,0.7414150238037109,0,1,0.987388014793396,0.13075800240039825,-0.08926200121641159,0,-0.14230799674987793,0.9800909757614136,-0.1384579986333847,0,0.06938000023365021,0.1494150012731552,0.9863370060920715,0,0,0.7164419889450073,0,1,0.887569010257721,0.3576050102710724,0.2904140055179596,0,-0.4528520107269287,0.792972981929779,0.4075770080089569,0,-0.0845390036702156,-0.4932669997215271,0.8657600283622742,0,-0.05294099822640419,0.08002900332212448,0.06036200001835823,1,0.9168019890785217,-0.32374000549316406,0.2338079959154129,0,0.3632439970970154,0.9193050265312195,-0.1514350026845932,0,-0.16591499745845795,0.2237659990787506,0.9604169726371765,0,-0.024449000135064125,0.08733200281858444,0,1,0.9967889785766602,-0.07910200208425522,-0.012473000213503838,0,0.07133500277996063,0.9478859901428223,-0.3105199933052063,0,0.03638499975204468,0.3086329996585846,0.9504849910736084,0,0.010323000140488148,0.09297499805688858,0,1,0.9947829842567444,0.09907300025224686,0.024336999282240868,0,-0.1008400022983551,0.9187660217285156,0.38170701265335083,0,0.015456999652087688,-0.3821690082550049,0.9239630103111267,0,-0.1271979957818985,0.3301219940185547,-0.00661400007084012,1,0.989395022392273,-0.14116999506950378,-0.03417300060391426,0,0.13791200518608093,0.8392320275306702,0.5259940028190613,0,-0.04557500034570694,-0.5251290202140808,0.8498010039329529,0,0.004093000199645758,0.08040200173854828,0,1,0.9911749958992004,-0.1148189976811409,-0.06624399870634079,0,0.12977999448776245,0.738772988319397,0.6613410115242004,0,-0.02699499949812889,-0.6641020178794861,0.7471550107002258,0,-0.0012730000307783484,0.07176800072193146,0,1,0.9975529909133911,0.05669200047850609,0.04092499986290932,0,-0.06979499757289886,0.7723249793052673,0.6313819885253906,0,0.00418699998408556,-0.6326929926872253,0.7743909955024719,0,-0.04712500050663948,0.29318100214004517,-0.022520000115036964,1,0.9739429950714111,-0.20745599269866943,-0.09163700044155121,0,0.19319500029087067,0.5472819805145264,0.8143450021743774,0,-0.11878900229930878,-0.8108299970626831,0.5731009840965271,0,0.006639999803155661,0.09613300114870071,0,1,0.9888420104980469,-0.13154800236225128,-0.06990599632263184,0,0.14622600376605988,0.7674959897994995,0.6241530179977417,0,-0.028452999889850616,-0.6274110078811646,0.7781680226325989,0,-0.0018439999548718333,0.08786199986934662,0,1,0.9996579885482788,-0.01019699964672327,0.024095000699162483,0,-0.01576099917292595,0.5003730058670044,0.8656669855117798,0,-0.020882999524474144,-0.8657500147819519,0.5000410079956055,0,0.053543999791145325,0.29100799560546875,-0.019807999953627586,1,0.9498900175094604,-0.24477699398994446,-0.19440600275993347,0,0.2205210030078888,0.08397000283002853,0.9717609882354736,0,-0.22154000401496887,-0.9659370183944702,0.13373999297618866,0,0.005867999978363514,0.07867699861526489,0,1,0.9905459880828857,-0.11486600339412689,-0.07499700039625168,0,0.1358730047941208,0.74617600440979,0.6517360210418701,0,-0.018902000039815903,-0.6557639837265015,0.7547289729118347,0,-0.0028119999915361404,0.07310599833726883,0,1,0.9995579719543457,-0.028989000245928764,0.006533000152558088,0,-0.005259000230580568,0.04380299896001816,0.9990260004997253,0,-0.029247000813484192,-0.9986199736595154,0.04363099858164787,0,0.12077999860048294,0.2229979932308197,-0.00686099985614419,1,0.9563009738922119,-0.26357901096343994,-0.12655100226402283,0,0.2506929934024811,0.5164110064506531,0.8188239932060242,0,-0.1504720002412796,-0.8147670030593872,0.5599219799041748,0,0.007691000122576952,0.058476999402046204,0,1,0.9852359890937805,-0.08373100310564041,-0.14932900667190552,0,0.17073099315166473,0.415897011756897,0.8932420015335083,0,-0.012687000446021557,-0.9055489897727966,0.42405200004577637,0,-0.0036830001045018435,0.057537999004125595,0,1,-0.029705999419093132,-0.05009600147604942,0.9983029961585999,0,-0.939598023891449,-0.3393099904060364,-0.044985998421907425,0,0.34098801016807556,-0.9393399953842163,-0.036990001797676086,0,-0.16997399926185608,0.3681989908218384,-0.005295000039041042,1,0.9965100288391113,-0.08226999640464783,-0.014113999903202057,0,0.07419099658727646,0.7954800128936768,0.6014220118522644,0,-0.03825199976563454,-0.6003699898719788,0.7988070249557495,0,0,0.36368298530578613,0,1,0.5242919921875,-0.8504670262336731,-0.042709000408649445,0,0.8503620028495789,0.5202710032463074,0.07875700294971466,0,-0.044759999960660934,-0.07761000096797943,0.9959790110588074,0,0,0.7402600049972534,0,1,0.9739279747009277,-0.20877300202846527,-0.08875799924135208,0,0.19484299421310425,0.9701949954032898,-0.14407800137996674,0,0.11619199812412262,0.12302800267934799,0.9855780005455017,0,0,0.715919017791748,0,1,0.9094330072402954,-0.3972359895706177,-0.12302099913358688,0,0.4149259924888611,0.8470919728279114,0.33207300305366516,0,-0.02770099975168705,-0.35304298996925354,0.9351969957351685,0,0.05251700058579445,0.0796549990773201,0.05785299837589264,1,0.9728350043296814,0.20115099847316742,-0.11458499729633331,0,-0.21483799815177917,0.9688469767570496,-0.12320700287818909,0,0.08623199909925461,0.1444779932498932,0.9857439994812012,0,0.021980000659823418,0.08651500195264816,0,1,0.9999330043792725,-0.005915999878197908,0.009898999705910683,0,0.008446999825537205,0.9601029753684998,-0.27952098846435547,0,-0.00785099994391203,0.27958598732948303,0.9600890278816223,0,-0.009847999550402164,0.09419199824333191,0,1,0.9950129985809326,-0.09769199788570404,-0.02014699950814247,0,0.09895499795675278,0.9921740293502808,0.07614699751138687,0,0.012550000101327896,-0.07776100188493729,0.9968929886817932,0,0.12092000246047974,0.31066200137138367,-0.010487999767065048,1,0.9923509955406189,0.11855600029230118,0.034414999186992645,0,-0.11892399936914444,0.8432689905166626,0.524170994758606,0,0.03312300145626068,-0.5242540240287781,0.8509169816970825,0,-0.0020759999752044678,0.08308299630880356,0,1,0.9999719858169556,0.005297999829053879,0.005243999883532524,0,-0.0066650002263486385,0.9504899978637695,0.3106839954853058,0,-0.003338000038638711,-0.31071001291275024,0.9504989981651306,0,0.002429000101983547,0.08299700170755386,0,1,0.9921309947967529,-0.11587700247764587,-0.04742300137877464,0,0.12228900194168091,0.9781000018119812,0.16842199862003326,0,0.026868000626564026,-0.17289599776268005,0.984574019908905,0,0.039987001568078995,0.308353990316391,-0.017412999644875526,1,0.9797499775886536,0.18644000589847565,0.07300200313329697,0,-0.18015000224113464,0.6617259979248047,0.7277799844741821,0,0.08737999945878983,-0.7261949777603149,0.6819139719009399,0,-0.0051739998161792755,0.08614300191402435,0,1,0.9974669814109802,0.06588099896907806,0.02683199942111969,0,-0.0711119994521141,0.9137939810752869,0.3999049961566925,0,0.0018279999494552612,-0.4007999897003174,0.916163980960846,0,0.0024939998984336853,0.08588500320911407,0,1,0.9874020218849182,-0.15275000035762787,-0.041301000863313675,0,0.15603500604629517,0.9832940101623535,0.09373600035905838,0,0.02629300020635128,-0.09899900108575821,0.9947400093078613,0,-0.044840000569820404,0.2629069983959198,-0.015855999663472176,1,0.9671970009803772,0.21738600730895996,0.13142800331115723,0,-0.19154199957847595,0.28425198793411255,0.9394209980964661,0,0.1668580025434494,-0.9337790012359619,0.31656599044799805,0,-0.00725799985229969,0.08541399985551834,0,1,0.9916710257530212,0.11320699751377106,0.06142500042915344,0,-0.12755200266838074,0.797029972076416,0.5903159976005554,0,0.01787099987268448,-0.5932340025901794,0.8048310279846191,0,0.002257999964058399,0.07964599877595901,0,1,0.9852809906005859,-0.16287299990653992,-0.05190800130367279,0,0.16813799738883972,0.9781450033187866,0.1223210021853447,0,0.03085000067949295,-0.12924900650978088,0.9911320209503174,0,-0.11606699973344803,0.21008899807929993,-0.011547000147402287,1,0.9599140286445618,0.245605006814003,0.1350640058517456,0,-0.23311999440193176,0.43201300501823425,0.8712170124053955,0,0.15562599897384644,-0.8677800297737122,0.4719510078430176,0,-0.0071840002201497555,0.0709180012345314,0,1,0.9793149828910828,0.10388799756765366,0.17363600432872772,0,-0.19506700336933136,0.2567020058631897,0.9466009736061096,0,0.05376800149679184,-0.9608910083770752,0.2716580033302307,0,0.0032259998843073845,0.05860700085759163,0,1,-0.9619659781455994,0.14487500488758087,0.23158900439739227,0,0.06997200101613998,-0.688817024230957,0.7215510010719299,0,0.2640570104122162,0.710312008857727,0.6524810194969177,0,0.2560949921607971,-0.15797199308872223,-0.040674999356269836,1,0.9743490219116211,0.14034099876880646,0.1759209930896759,0,0.1318030059337616,0.27774500846862793,-0.9515699744224548,0,-0.1824059933423996,0.9503480195999146,0.25212401151657104,0,0,1.3753329515457153,0,1,0.8149930238723755,0.09387899935245514,0.571815013885498,0,-0.5058789849281311,0.5965409874916077,0.6230769753456116,0,-0.2826170027256012,-0.7970730066299438,0.5336679816246033,0,0,1.2331180572509766,0,1,0.9700310230255127,0.006477000191807747,0.24289299547672272,0,-0.1376509964466095,0.8384100198745728,0.5273720026016235,0,-0.2002280056476593,-0.5450019836425781,0.814175009727478,0,0,0.4137510061264038,0,1,-0.9876260161399841,-0.05782900005578995,-0.14577600359916687,0,0.004606000147759914,-0.9398260116577148,0.3416210114955902,0,-0.15676000714302063,0.3367229998111725,0.9284629821777344,0,-0.2560949921607971,-0.15797199308872223,-0.039340000599622726,1,0.9827569723129272,-0.1436000019311905,-0.11648499965667725,0,-0.0008030000026337802,0.6266530156135559,-0.7792980074882507,0,0.18490199744701385,0.7659540176391602,0.6157320141792297,0,0,1.3753269910812378,0,1,0.7627339959144592,0.11531499773263931,-0.6363480091094971,0,0.6219310164451599,0.13898499310016632,0.7706390023231506,0,0.1773100048303604,-0.9835579991340637,0.03429099917411804,0,0,1.2327829599380493,0,1,0.9591019749641418,0.02840300090610981,-0.2816329896450043,0,0.15644200146198273,0.7760009765625,0.6110230088233948,0,0.23590199649333954,-0.6300920248031616,0.7398200035095215,0,0,0.41258499026298523,0,1
K0.033,0.9703420400619507,0.11365591734647751,0.21335075795650482,0,-0.12217091768980026,0.9921389818191528,0.027117105200886726,0,-0.2085917443037033,-0.052378058433532715,0.9765990376472473,0,-0.029392050579190254,2.811279535293579,0.044117141515016556,1,0.998104989528656,-0.028909804299473763,-0.05432754382491112,0,0.030411791056394577,0.9991719722747803,0.027017919346690178,0,0.05350155383348465,-0.028618905693292618,0.9981579780578613,0,0,0.28454700112342834,-0.03201499953866005,1,0.9996700286865234,-0.003985095769166946,-0.02535979636013508,0,0.004786089528352022,0.9994879961013794,0.03162701055407524,0,0.02522079460322857,-0.03173801302909851,0.9991779923439026,0,0,0.3340660035610199,0,1,0.9985679984092712,-0.05037009343504906,-0.018012795597314835,0,0.05090208724141121,0.9982410073280334,0.03041202202439308,0,0.016448792070150375,-0.031285010278224945,0.9993749856948853,0,0,0.38179001212120056,0,1,0.9997760057449341,-0.018040958791971207,-0.01106302160769701,0,0.01891496032476425,0.9962120056152344,0.08487999439239502,0,0.00949002429842949,-0.08506999164819717,0.9963300228118896,0,0,0.42951399087905884,0,1,0.9971689581871033,-0.020117919892072678,-0.07244643568992615,0,-0.0001802064070943743,0.9628989696502686,-0.269863098859787,0,0.07518738508224487,0.26911312341690063,0.9601689577102661,0,0,0.2276429980993271,0.060318998992443085,1,-0.17033278942108154,0.06315799057483673,-0.9833600521087646,0,0.958966076374054,-0.21891599893569946,-0.1801677942276001,0,-0.22665199637413025,-0.9736980199813843,-0.02327703684568405,0,0.16997399926185608,0.3685550093650818,-0.008461999706923962,1,0.7685976624488831,0.540261447429657,-0.34260106086730957,0,-0.20679010450839996,0.7166017293930054,0.6661232709884644,0,0.6053884029388428,-0.44113391637802124,0.6624996662139893,0,0,0.36368298530578613,0,1,0.03591734170913696,0.9952999949455261,0.08993805944919586,0,-0.9951890110969543,0.02741333283483982,0.09405899792909622,0,0.09115105867385864,-0.09288299828767776,0.9914960265159607,0,0,0.7414150238037109,0,1,0.9865609407424927,0.07144647091627121,-0.1469455063343048,0,-0.0955556184053421,0.9817910194396973,-0.16418232023715973,0,0.1325395703315735,0.17601726949214935,0.9754238724708557,0,0,0.7164419889450073,0,1,0.887569010257721,0.3576050102710724,0.2904140055179596,0,-0.4528520107269287,0.792972981929779,0.4075770080089569,0,-0.0845390036702156,-0.4932669997215271,0.8657600283622742,0,-0.05294099822640419,0.08002900332212448,0.06036200001835823,1,0.9168019890785217,-0.32374098896980286,0.2338079959154129,0,0.3632439970970154,0.9193050265312195,-0.1514350026845932,0,-0.16591499745845795,0.2237659990787506,0.9604169726371765,0,-0.024449000135064125,0.08733200281858444,0,1,0.9967889785766602,-0.07910100370645523,-0.0124719999730587,0,0.07133500277996063,0.9478859901428223,-0.3105199933052063,0,0.03638499975204468,0.3086329996585846,0.9504849910736084,0,0.010323000140488148,0.09297499805688858,0,1,0.9947829842567444,0.09907300025224686,0.024336999282240868,0,-0.1008400022983551,0.9187660217285156,0.38170701265335083,0,0.015456999652087688,-0.3821690082550049,0.9239630103111267,0,-0.1271979957818985,0.3301219940185547,-0.00661400007084012,1,0.989395022392273,-0.14116999506950378,-0.03417300060391426,0,0.13791100680828094,0.8392320275306702,0.5259940028190613,0,-0.04557500034570694,-0.5251290202140808,0.8498010039329529,0,0.004093000199645758,0.08040200173854828,0,1,0.9911749958992004,-0.1148189976811409,-0.06624399870634079,0,0.12978099286556244,0.738772988319397,0.6613410115242004,0,-0.02699499949812889,-0.6641020178794861,0.7471550107002258,0,-0.0012730000307783484,0.07176800072193146,0,1,0.9975529909133911,0.05669200047850609,0.04092499986290932,0,-0.06979499757289886,0.7723249793052673,0.6313819885253906,0,0.00418699998408556,-0.6326929926872253,0.7743909955024719,0,-0.04712500050663948,0.29318100214004517,-0.022520000115036964,1,0.9739429950714111,-0.20745599269866943,-0.09163700044155121,0,0.19319500029087067,0.5472819805145264,0.8143450021743774,0,-0.11878900229930878,-0.8108289837837219,0.5731009840965271,0,0.006639999803155661,0.09613300114870071,0,1,0.9888420104980469,-0.13154800236225128,-0.06990599632263184,0,0.14622600376605988,0.7674959897994995,0.6241530179977417,0,-0.028452999889850616,-0.6274110078811646,0.7781680226325989,0,-0.0018439999548718333,0.08786199986934662,0,1,0.9996579885482788,-0.01019699964672327,0.024095000699162483,0,-0.01576099917292595,0.5003730058670044,0.8656669855117798,0,-0.020882999524474144,-0.8657500147819519,0.5000410079956055,0,0.053543999791145325,0.29100799560546875,-0.019807999953627586,1,0.9498900175094604,-0.24477699398994446,-0.19440700113773346,0,0.2205210030078888,0.08397000283002853,0.9717609882354736,0,-0.22154000401496887,-0.9659370183944702,0.13373999297618866,0,0.005867999978363514,0.07867699861526489,0,1,0.9905459880828857,-0.11486600339412689,-0.07499600201845169,0,0.1358730047941208,0.74617600440979,0.6517360210418701,0,-0.018902000039815903,-0.6557639837265015,0.7547289729118347,0,-0.0028119999915361404,0.07310599833726883,0,1,0.9995579719543457,-0.028989000245928764,0.006531999912112951,0,-0.005259000230580568,0.04380299896001816,0.9990260004997253,0,-0.029247000813484192,-0.9986199736595154,0.04363099858164787,0,0.12077999860048294,0.2229979932308197,-0.00686099985614419,1,0.9563009738922119,-0.26357901096343994,-0.12655100226402283,0,0.2506929934024811,0.5164110064506531,0.8188239932060242,0,-0.1504720002412796,-0.8147670030593872,0.5599219799041748,0,0.007691000122576952,0.058476999402046204,0,1,0.9852359890937805,-0.08373100310564041,-0.14932799339294434,0,0.17072999477386475,0.4158959984779358,0.8932420015335083,0,-0.012687000446021557,-0.9055489897727966,0.42405200004577637,0,-0.0036830001045018435,0.057537999004125595,0,1,-0.05081924423575401,-0.05298202857375145,0.9973019957542419,0,-0.932828962802887,-0.35415810346603394,-0.06634924560785294,0,0.35671812295913696,-0.933682918548584,-0.031424928456544876,0,-0.16997399926185608,0.3681989908218384,-0.005295000039041042,1,0.996303915977478,-0.02787703089416027,-0.08124641329050064,0,0.07299654930830002,0.7733158469200134,0.629804253578186,0,0.04527192562818527,-0.6334071755409241,0.7724927663803101,0,0,0.36368298530578613,0,1,0.5442287921905518,-0.8379411101341248,-0.04086301475763321,0,0.8378371000289917,0.5403768420219421,0.07759800553321838,0,-0.04294101521372795,-0.07646700739860535,0.9961469769477844,0,0,0.7402600049972534,0,1,0.9822789430618286,-0.18464678525924683,0.03213324397802353,0,0.18699687719345093,0.9770760536193848,-0.10175264626741409,0,-0.012608304619789124,0.10595786571502686,0.9942909479141235,0,0,0.715919017791748,0,1,0.9094330072402954,-0.3972359895706177,-0.12302099913358688,0,0.4149259924888611,0.8470919728279114,0.33207300305366516,0,-0.02770099975168705,-0.35304298996925354,0.9351969957351685,0,0.05251700058579445,0.0796549990773201,0.05785299837589264,1,0.9855220317840576,0.14278937876224518,-0.09141875803470612,0,-0.1525663435459137,0.9820631146430969,-0.11079584807157516,0,0.0739588588476181,0.12313878536224365,0.9896300435066223,0,0.021980000659823418,0.08651500195264816,0,1,0.9999340176582336,-0.005915999878197908,0.009898999705910683,0,0.008446999825537205,0.9601029753684998,-0.27952098846435547,0,-0.00785099994391203,0.27958598732948303,0.9600890278816223,0,-0.009847999550402164,0.09419199824333191,0,1,0.994379997253418,-0.10410507023334503,-0.019247986376285553,0,0.10460905730724335,0.9941369891166687,0.027349485084414482,0,0.016288042068481445,-0.029208488762378693,0.9994410276412964,0,0.12092000246047974,0.31066200137138367,-0.010487999767065048,1,0.9930539727210999,0.11378195136785507,0.0299739558249712,0,-0.11407394707202911,0.8685512542724609,0.4822915494441986,0,0.028841957449913025,-0.4823605418205261,0.8754982352256775,0,-0.0020759999752044678,0.08308299630880356,0,1,0.9999930262565613,-0.0008900657994672656,0.0037259873934090137,0,-0.00012493107351474464,0.9645211100578308,0.26400548219680786,0,-0.003829001681879163,-0.2640034854412079,0.9645141363143921,0,0.002429000101983547,0.08299700170755386,0,1,0.9915090203285217,-0.12159006297588348,-0.04610498622059822,0,0.12672004103660583,0.983025074005127,0.13267862796783447,0,0.029190026223659515,-0.13739462196826935,0.9900860786437988,0,0.039987001568078995,0.308353990316391,-0.017412999644875526,1,0.9806110262870789,0.18360896408557892,0.06847995519638062,0,-0.17800197005271912,0.6884232759475708,0.7031276822090149,0,0.08195693790912628,-0.7016847729682922,0.7077582478523254,0,-0.0051739998161792755,0.08614300191402435,0,1,0.9978309869766235,0.061496950685977936,0.023491965606808662,0,-0.06582693755626678,0.9279651045799255,0.36680763959884644,0,0.0007579908124171197,-0.3675576448440552,0.9300001263618469,0,0.0024939998984336853,0.08588500320911407,0,1,0.9886040091514587,-0.14357990026474,-0.04523603245615959,0,0.14887993037700653,0.976996898651123,0.15267960727214813,0,0.02227296307682991,-0.1576746106147766,0.9872398972511292,0,-0.044840000569820404,0.2629069983959198,-0.015855999663472176,1,0.9717830419540405,0.21201887726783752,0.10337572544813156,0,-0.19587595760822296,0.48117882013320923,0.8544586896896362,0,0.1314186304807663,-0.8505966663360596,0.5091307759284973,0,-0.00725799985229969,0.08541399985551834,0,1,0.9946920275688171,0.09672277420759201,0.0351167656481266,0,-0.10246872156858444,0.8998576998710632,0.4239770770072937,0,0.00940796546638012,-0.42532506585121155,0.904991626739502,0,0.002257999964058399,0.07964599877595901,0,1,0.9873319864273071,-0.14739184081554413,-0.05873905494809151,0,0.15666788816452026,0.9641937613487244,0.21397393941879272,0,0.025097951292991638,-0.22046594321727753,0.9750717878341675,0,-0.11606699973344803,0.21008899807929993,-0.011547000147402287,1,0.9681501388549805,0.23387372493743896,0.08937659114599228,0,-0.23057277500629425,0.6937289834022522,0.6823302507400513,0,0.09757643193006516,-0.6812062859535217,0.725558876991272,0,-0.0071840002201497555,0.0709180012345314,0,1,0.9852220416069031,0.10803893208503723,0.1329115629196167,0,-0.16918765008449554,0.4928451478481293,0.8535093665122986,0,0.02670779637992382,-0.863383412361145,0.5038411021232605,0,0.0032259998843073845,0.05860700085759163,0,1,-0.954325795173645,0.03565109521150589,0.29663148522377014,0,0.17459873855113983,-0.7391176223754883,0.6505540013313293,0,0.24243901669979095,0.6726322770118713,0.6991345882415771,0,0.2560949921607971,-0.15797199308872223,-0.040674999356269836,1,0.9779340624809265,0.1320258229970932,0.16190987825393677,0,0.08939451724290848,0.43602511286735535,-0.895483672618866,0,-0.18882395327091217,0.8901976346969604,0.4146011471748352,0,0,1.3753329515457153,0,1,0.7775629162788391,0.1308281570672989,0.6150450706481934,0,-0.5522289276123047,0.6098694205284119,0.5684205889701843,0,-0.30073127150535583,-0.7816286683082581,0.5464593768119812,0,0,1.2331180572509766,0,1,0.9705939888954163,0.008145970292389393,0.24058304727077484,0,-0.1366940140724182,0.8413079380989075,0.5229870676994324,0,-0.1981450319290161,-0.5404940843582153,0.8176819682121277,0,0,0.4137510061264038,0,1,-0.9894798994064331,0.04161103069782257,-0.13855399191379547,0,-0.08984094113111496,-0.9274189472198486,0.36307385563850403,0,-0.11338961869478226,0.3717029392719269,0.9214010834693909,0,-0.2560949921607971,-0.15797199308872223,-0.039340000599622726,1,0.9844560027122498,-0.1369619071483612,-0.10994506627321243,0,0.0022280432749539614,0.6356886625289917,-0.7719423770904541,0,0.17561696469783783,0.7596983909606934,0.6261126399040222,0,0,1.3753269910812378,0,1,0.7634999752044678,0.14997217059135437,-0.6281529664993286,0,0.5852584838867188,0.25052133202552795,0.7711748480796814,0,0.2730199098587036,-0.9564245343208313,0.10350002348423004,0,0,1.2327829599380493,0,1,0.9591019749641418,0.02840300090610981,-0.2816329896450043,0,0.15644200146198273,0.7760009765625,0.6110230088233948,0,0.23590199649333954,-0.6300920248031616,0.7398200035095215,0,0,0.41258499026298523,0,1
