0.700,30,20,65
B0,mixamorig_Hips,-1,0.9499520063400269,-0.020458636805415154,-0.3116759657859802,0,0.0497971773147583,0.9948549270629883,0.08664818108081818,0,0.30823856592178345,-0.0978177934885025,0.9461253881454468,0,-0.11662258952856064,2.793328285217285,0.15573766827583313,1
B1,mixamorig_Spine,0,0.9978023171424866,-0.03273139148950577,-0.05736168473958969,0,0.03215792030096054,0.9993190169334412,-0.009415913373231888,0,0.057640623301267624,0.007546828594058752,0.9981750249862671,0,0,0.28454700112342834,-0.03201499953866005,1
B2,mixamorig_Spine1,1,0.999550998210907,-0.010419495403766632,-0.027938364073634148,0,0.010825634002685547,0.9998218417167664,0.01477540098130703,0,0.02777201496064663,-0.015066791325807571,0.9994891285896301,0,0,0.3340660035610199,0,1
B3,mixamorig_Spine2,2,0.9987208843231201,0.03527292609214783,-0.03609761223196983,0,-0.034729134291410446,0.9992613792419434,0.015849711373448372,0,0.03662240132689476,-0.014571846462786198,0.9992117881774902,0,0,0.38179001212120056,0,1
B4,mixamorig_Neck,3,0.9996094107627869,0.005495219025760889,0.02737472951412201,0,-0.007874998264014721,0.9961211681365967,0.08762849867343903,0,-0.026787949725985527,-0.0878106951713562,0.9957759380340576,0,0,0.42951399087905884,0,1
B5,mixamorig_Head,4,0.9427244067192078,0.07150591164827347,0.3257210850715637,0,0.01760604791343212,0.964691698551178,-0.26278477907180786,0,-0.3330119252204895,0.25347137451171875,0.9081785082817078,0,0,0.2276429980993271,0.060318998992443085,1
B6,mixamorig_HeadTop_End,5,1,0,0,0,0,1,0,0,0,0,1,0,0,0.6589959859848022,0.17461499571800232,1
B7,mixamorig_LeftShoulder,3,-0.10713708400726318,0.053940530866384506,-0.9927201271057129,0,0.9351090788841248,-0.33356139063835144,-0.1190623939037323,0,-0.33756253123283386,-0.9411660432815552,-0.014761500060558319,0,0.16997399926185608,0.3685550093650818,-0.008461999706923962,1
B8,mixamorig_LeftArm,7,0.901951789855957,0.1484399437904358,-0.4038982093334198,0,0.13066411018371582,0.7987385988235474,0.5856196880340576,0,0.409232497215271,-0.5817477703094482,0.7024132013320923,0,0,0.36368298530578613,0,1
B9,mixamorig_LeftForeArm,8,0.5378527641296387,0.8414744734764099,0.04249807447195053,0,-0.8413813710212708,0.5337764024734497,0.07952195405960083,0,0.044309552758932114,-0.07852823287248611,0.9959226250648499,0,0,0.7414150238037109,0,1
B10,mixamorig_LeftHand,9,0.964717447757721,-0.12226665765047073,0.23151500523090363,0,0.14301148056983948,0.986143946647644,-0.07590663433074951,0,-0.21978309750556946,0.10669001936912537,0.969365119934082,0,0,0.7164419889450073,0,1
B11,mixamorig_LeftHandThumb1,10,0.9226419925689697,0.36060601472854614,0.1367260068655014,0,-0.38565200567245483,0.8643860220909119,0.3226589858531952,0,-0.0018309999722987413,-0.3504279851913452,0.9365879893302917,0,-0.05294099822640419,0.08002900332212448,0.06036200001835823,1
B12,mixamorig_LeftHandThumb2,11,0.9882903695106506,-0.11565310508012772,0.0983634665608406,0,0.12776237726211548,0.9835016131401062,-0.1271015703678131,0,-0.0819748118519783,0.13825403153896332,0.9869771003723145,0,-0.024449000135064125,0.08733200281858444,0,1
B13,mixamorig_LeftHandThumb3,12,0.9904599785804749,0.12849099934101105,-0.0497869998216629,0,-0.1368589997291565,0.9593870043754578,-0.2466689944267273,0,0.016070738434791565,0.25113001465797424,0.9678199887275696,0,0.010323000140488148,0.09297499805688858,0,1
B14,mixamorig_LeftHandThumb4,13,1,0,0,0,0,1,0,0,0,0,1,0,0.014125999994575977,0.07835999876260757,0,1
B15,mixamorig_LeftHandIndex1,10,0.9883933663368225,0.1507951021194458,0.018347904086112976,0,-0.15153902769088745,0.9870963096618652,0.05037033185362816,0,-0.010535657405853271,-0.052568040788173676,0.998492956161499,0,-0.1271979957818985,0.3301219940185547,-0.00661400007084012,1
B16,mixamorig_LeftHandIndex2,15,0.9897837042808533,-0.13885195553302765,-0.03232622519135475,0,0.13588891923427582,0.8502996563911438,0.5083149075508118,0,-0.0431130975484848,-0.5075132846832275,0.8604843020439148,0,0.004093000199645758,0.08040200173854828,0,1
B17,mixamorig_LeftHandIndex3,16,0.9973064064979553,-0.07112666964530945,-0.017814209684729576,0,0.07322487980127335,0.9532784223556519,0.292846143245697,0,-0.003867494408041239,-0.2933626174926758,0.9559214115142822,0,-0.0012730000307783484,0.07176800072193146,0,1
B18,mixamorig_LeftHandIndex4,17,1,0,0,0,0,1,0,0,0,0,1,0,-0.002819000044837594,0.0575300008058548,0,1
B19,mixamorig_LeftHandMiddle1,10,0.9876852631568909,0.15038305521011353,0.04313679039478302,0,-0.15517079830169678,0.9767646193504333,0.1475703865289688,0,-0.019955331459641457,-0.15244747698307037,0.9880723357200623,0,-0.04712500050663948,0.29318100214004517,-0.022520000115036964,1
B20,mixamorig_LeftHandMiddle2,19,0.978247880935669,-0.19495800137519836,-0.07085482031106949,0,0.18569160997867584,0.6708176732063293,0.7179454565048218,0,-0.09245037287473679,-0.7154846787452698,0.6924296021461487,0,0.006639999803155661,0.09613300114870071,0,1
B21,mixamorig_LeftHandMiddle3,20,0.9943294525146484,-0.10164674371480942,-0.031203797087073326,0,0.10578551888465881,0.9160019755363464,0.3868762254714966,0,-0.010754600167274475,-0.38798364996910095,0.921562910079956,0,-0.0018439999548718333,0.08786199986934662,0,1
B22,mixamorig_LeftHandMiddle4,21,1,0,0,0,0,1,0,0,0,0,1,0,-0.004796000197529793,0.07533500343561172,0,1
B23,mixamorig_LeftHandRing1,10,0.9852315783500671,0.16168613731861115,0.05629159137606621,0,-0.16694512963294983,0.9800843596458435,0.10656940191984177,0,-0.03797650337219238,-0.11439724266529083,0.9926074147224426,0,0.053543999791145325,0.29100799560546875,-0.019807999953627586,1
B24,mixamorig_LeftHandRing2,23,0.9585622549057007,-0.2439849078655243,-0.14679397642612457,0,0.22875092923641205,0.3534659147262573,0.9055706262588501,0,-0.1695070117712021,-0.9015914797782898,0.39471179246902466,0,0.005867999978363514,0.07867699861526489,0,1
B25,mixamorig_LeftHandRing3,24,0.9937426447868347,-0.09807117283344269,-0.05276360362768173,0,0.11109787970781326,0.8399141430854797,0.5290873646736145,0,-0.007955851964652538,-0.5316537618637085,0.84562087059021,0,-0.0028119999915361404,0.07310599833726883,0,1
B26,mixamorig_LeftHandRing4,25,1,0,0,0,0,1,0,0,0,0,1,0,-0.0030559999868273735,0.05968699976801872,0,1
B27,mixamorig_LeftHandPinky1,10,0.9763733744621277,0.21387267112731934,0.030582716688513756,0,-0.2160450667142868,0.9645766615867615,0.1497107744216919,0,0.0024484414607286453,-0.1527881622314453,0.9880018830299377,0,0.12077999860048294,0.2229979932308197,-0.00686099985614419,1
B28,mixamorig_LeftHandPinky2,27,0.9565789103507996,-0.2630384862422943,-0.12511466443538666,0,0.25046613812446594,0.523949921131134,0.810348629951477,0,-0.1483263373374939,-0.8064032793045044,0.5671863555908203,0,0.007691000122576952,0.058476999402046204,0,1
B29,mixamorig_LeftHandPinky3,28,0.9837231040000916,-0.08090312033891678,-0.16018186509609222,0,0.17843371629714966,0.3456408381462097,0.9191884398460388,0,-0.019460102543234825,-0.932838499546051,0.3545066714286804,0,-0.0036830001045018435,0.057537999004125595,0,1
B30,mixamorig_LeftHandPinky4,29,1,0,0,0,0,1,0,0,0,0,1,0,-0.004009000025689602,0.04541200026869774,0,1
B31,mixamorig_RightShoulder,3,-0.10449817776679993,-0.06018729507923126,0.9926802515983582,0,-0.9728429913520813,-0.20099423825740814,-0.114594466984272,0,0.2064218521118164,-0.9777399897575378,-0.03753918036818504,0,-0.16997399926185608,0.3681989908218384,-0.005295000039041042,1
B32,mixamorig_RightArm,31,0.677470326423645,-0.6167575120925903,0.39789077639579773,0,0.16466429829597473,0.6552704572677612,0.7365158200263977,0,-0.7151846289634705,-0.4333234131336212,0.5469576716423035,0,0,0.36368298530578613,0,1
B33,mixamorig_RightForeArm,32,0.1497574895620346,-0.9850430488586426,-0.07739691436290741,0,0.9849205613136292,0.14257197082042694,0.09121963381767273,0,-0.07893915474414825,-0.0898902416229248,0.9928127527236938,0,0,0.7402600049972534,0,1
B34,mixamorig_RightHand,33,0.9656664729118347,-0.2350105494260788,0.11010550707578659,0,0.24828632175922394,0.960215151309967,-0.1258433312177658,0,-0.07606442272663116,0.14888149499893188,0.9856139421463013,0,0,0.715919017791748,0,1
B35,mixamorig_RightHandThumb1,34,0.8726500272750854,-0.39746201038360596,-0.2837350070476532,0,0.48484599590301514,0.7745890021324158,0.40612301230430603,0,0.05835973843932152,-0.4919709861278534,0.8686532378196716,0,0.05251700058579445,0.0796549990773201,0.05785299837589264,1
B36,mixamorig_RightHandThumb2,35,0.8904470205307007,0.38534998893737793,-0.2420939952135086,0,-0.4231559932231903,0.8968449831008911,-0.12887099385261536,0,0.16745999455451965,0.2171970009803772,0.9616559743881226,0,0.021980000659823418,0.08651500195264816,0,1
B37,mixamorig_RightHandThumb3,36,0.9790080189704895,0.20028772950172424,-0.037801001220941544,0,-0.2015019953250885,0.9231532216072083,-0.32739073038101196,0,-0.03067599982023239,0.32813501358032227,0.9441329836845398,0,-0.009847999550402164,0.09419199824333191,0,1
B38,mixamorig_RightHandThumb4,37,1,0,0,0,0,1,0,0,0,0,1,0,-0.012133000418543816,0.0746849998831749,0,1
B39,mixamorig_RightHandIndex1,34,0.9983299970626831,-0.05486973747611046,-0.01808473840355873,0,0.05757499858736992,0.9190220236778259,0.3899790048599243,0,-0.004778000060468912,-0.3903689980506897,0.9206460118293762,0,0.12092000246047974,0.31066200137138367,-0.010487999767065048,1
B40,mixamorig_RightHandIndex2,39,0.9923049807548523,0.11885599792003632,0.034710001200437546,0,-0.11922899633646011,0.8415682315826416,0.5268277525901794,0,0.03340600058436394,-0.526911735534668,0.8492630124092102,0,-0.0020759999752044678,0.08308299630880356,0,1
B41,mixamorig_RightHandIndex3,40,0.9981589913368225,0.0529789999127388,0.029532739892601967,0,-0.05919099971652031,0.7444727420806885,0.6650239825248718,0,0.013246261514723301,-0.665547251701355,0.7462379932403564,0,0.002429000101983547,0.08299700170755386,0,1
B42,mixamorig_RightHandIndex4,41,1,0,0,0,0,1,0,0,0,0,1,0,-0.0003530000103637576,0.05992899835109711,0,1
B43,mixamorig_RightHandMiddle1,34,0.99857097864151,-0.03195500001311302,-0.04284200072288513,0,0.051966000348329544,0.7678679823875427,0.6384967565536499,0,0.012493262067437172,-0.6398100256919861,0.7684310078620911,0,0.039987001568078995,0.308353990316391,-0.017412999644875526,1
B44,mixamorig_RightHandMiddle2,43,0.9763100147247314,0.1959410011768341,0.09179700165987015,0,-0.1866459995508194,0.5479900240898132,0.8153960108757019,0,0.10946600139141083,-0.813211977481842,0.5715799927711487,0,-0.0051739998161792755,0.08614300191402435,0,1
B45,mixamorig_RightHandMiddle3,44,0.9939600229263306,0.09422700107097626,0.056251998990774155,0,-0.1086219996213913,0.7717350125312805,0.6265990138053894,0,0.015630999580025673,-0.6289247870445251,0.777309000492096,0,0.0024939998984336853,0.08588500320911407,0,1
B46,mixamorig_RightHandMiddle4,45,1,0,0,0,0,1,0,0,0,0,1,0,0.00267999991774559,0.06950999796390533,0,1
B47,mixamorig_RightHandRing1,34,0.9994329810142517,0.0029819998890161514,-0.03352399915456772,0,0.02774900011718273,0.49066901206970215,0.8709040284156799,0,0.019046738743782043,-0.8713409900665283,0.4903082549571991,0,-0.044840000569820404,0.2629069983959198,-0.015855999663472176,1
B48,mixamorig_RightHandRing2,47,0.9633049964904785,0.2168249934911728,0.15820999443531036,0,-0.18066799640655518,0.08787599951028824,0.9796109795570374,0,0.19850173592567444,-0.9722470045089722,0.12382499873638153,0,-0.00725799985229969,0.08541399985551834,0,1
B49,mixamorig_RightHandRing3,48,0.9902039766311646,0.11862999945878983,0.07363499701023102,0,-0.13771699368953705,0.7429419755935669,0.6550350189208984,0,0.023000000044703484,-0.6587597727775574,0.7520020008087158,0,0.002257999964058399,0.07964599877595901,0,1
B50,mixamorig_RightHandRing4,49,1,0,0,0,0,1,0,0,0,0,1,0,0.004999999888241291,0.06913899630308151,0,1
B51,mixamorig_RightHandPinky1,34,0.9977449774742126,0.06679999828338623,0.00648100022226572,0,-0.008786999620497227,0.034284260123968124,0.9993730187416077,0,0.06653600186109543,-0.997177004814148,0.034793999046087265,0,-0.11606699973344803,0.21008899807929993,-0.011547000147402287,1
B52,mixamorig_RightHandPinky2,51,0.9625080227851868,0.24342399835586548,0.11968100070953369,0,-0.23438499867916107,0.5242632627487183,0.8186647891998291,0,0.13653799891471863,-0.8160227537155151,0.5616622567176819,0,-0.0071840002201497555,0.0709180012345314,0,1
B53,mixamorig_RightHandPinky3,52,0.9832410216331482,0.10780499875545502,0.14701899886131287,0,-0.17887000739574432,0.41455501317977905,0.8922719955444336,0,0.03524399921298027,-0.9036160111427307,0.4268909990787506,0,0.0032259998843073845,0.05860700085759163,0,1
B54,mixamorig_RightHandPinky4,53,1,0,0,0,0,1,0,0,0,0,1,0,0.003957999870181084,0.0517750009894371,0,1
B55,mixamorig_LeftUpLeg,0,-0.8763844966888428,-0.34812623262405396,0.3322584331035614,0,0.4795714318752289,-0.6892194151878357,0.542793869972229,0,0.040113117545843124,0.6352465748786926,0.7712596654891968,0,0.2560949921607971,-0.15797199308872223,-0.040674999356269836,1
B56,mixamorig_LeftLeg,55,0.9817166328430176,-0.04548031464219093,-0.17881134152412415,0,-0.13606122136116028,0.5019386410713196,-0.8437595367431641,0,0.1309138685464859,0.85246342420578,0.48702099919319153,0,0,1.3753329515457153,0,1
B57,mixamorig_LeftFoot,56,0.7796138525009155,0.16216972470283508,0.6033405065536499,0,-0.5484384298324585,0.638116717338562,0.5295369625091553,0,-0.29834380745887756,-0.7438443899154663,0.586771547794342,0,0,1.2331180572509766,0,1
B58,mixamorig_LeftToeBase,57,0.9590102434158325,-0.025361783802509308,0.2821871042251587,0,-0.1565673053264618,0.7827321887016296,0.6022694110870361,0,-0.23615334928035736,-0.621763288974762,0.7466769814491272,0,0,0.4137510061264038,0,1
B59,mixamorig_LeftToe_End,58,1,0,0,0,0,1,0,0,0,0,1,0,0,0.16649700701236725,0,1
B60,mixamorig_RightUpLeg,0,-0.9561701416969299,0.13006336987018585,-0.26087552309036255,0,-0.23912549018859863,-0.8617804646492004,0.4466456174850464,0,-0.16698850691318512,0.4895414113998413,0.8557636737823486,0,-0.2560949921607971,-0.15797199308872223,-0.039340000599622726,1
B61,mixamorig_RightLeg,60,0.9910773038864136,-0.1211986094713211,-0.044886067509651184,0,0.0500577837228775,0.6760296821594238,-0.7328429818153381,0,0.11774733662605286,0.724679708480835,0.6770198345184326,0,0,1.3753269910812378,0,1
B62,mixamorig_RightFoot,61,0.9272323846817017,0.16080081462860107,-0.3375191390514374,0,0.24530959129333496,0.4041665494441986,0.8723348379135132,0,0.2751484513282776,-0.8920321464538574,0.33618271350860596,0,0,1.2327829599380493,0,1
B63,mixamorig_RightToeBase,62,0.9647319912910461,0.012203664518892765,-0.26275819540023804,0,0.14667217433452606,0.8045636415481567,0.5751688480377197,0,0.218431293964386,-0.5934198498725891,0.7743991613388062,0,0,0.41258499026298523,0,1
B64,mixamorig_RightToe_End,63,1,0,0,0,0,1,0,0,0,0,1,0,0,0.16634300351142883,0,1
@52,0,1,2,3,4,5,7,8,9,10,11,12,13,15,16,17,19,20,21,23,24,25,27,28,29,31,32,33,34,35,36,37,39,40,41,43,44,45,47,48,49,51,52,53,55,56,57,58,60,61,62,63
K0.000,0.9641889929771423,-0.12554700672626495,-0.23361800611019135,0,0.13452300429344177,0.9906479716300964,0.02282699942588806,0,0.22856800258159637,-0.053435999900102615,0.9720600247383118,0,0.009765000082552433,2.764652967453003,0.04538499936461449,1,0.994629979133606,0.03740900009870529,0.096499003469944,0,-0.03955100104212761,0.9990100264549255,0.02038400061428547,0,-0.09564100205898285,-0.024091999977827072,0.9951239824295044,0,0,0.28454700112342834,-0.03201499953866005,1,0.9989749789237976,0.00470300018787384,0.04503000155091286,0,-0.005816999822854996,0.9996799826622009,0.024630999192595482,0,-0.04490000009536743,-0.02486800029873848,0.9986820220947266,0,0,0.3340660035610199,0,1,0.9979869723320007,0.051284998655319214,0.037317000329494476,0,-0.052143000066280365,0.9983879923820496,0.022393999621272087,0,-0.03610900044441223,-0.024295000359416008,0.9990530014038086,0,0,0.38179001212120056,0,1,0.999701976776123,0.02273000031709671,0.008957000449299812,0,-0.023430999368429184,0.9958469867706299,0.08797399699687958,0,-0.006920000072568655,-0.08815699815750122,0.9960830211639404,0,0,0.42951399087905884,0,1,0.9994819760322571,0.019617000594735146,0.025522999465465546,0,-0.012636999599635601,0.9683200120925903,-0.2493939995765686,0,-0.029606999829411507,0.24894200265407562,0.9680659770965576,0,0,0.2276429980993271,0.060318998992443085,1,-0.04821300134062767,0.05007300153374672,-0.9975810050964355,0,0.9395880103111267,-0.3365890085697174,-0.06230499967932701,0,-0.3388940095901489,-0.9403200149536133,-0.030820000916719437,0,0.16997399926185608,0.3685550093650818,-0.008461999706923962,1,0.9950950145721436,0.0984639972448349,0.009530999697744846,0,-0.08423800021409988,0.7929109930992126,0.6034870147705078,0,0.051865000277757645,-0.6013299822807312,0.7973160147666931,0,0,0.36368298530578613,0,1,0.524465024471283,0.8503069877624512,0.04376300051808357,0,-0.8502119779586792,0.5202710032463074,0.08035700023174286,0,0.045559000223875046,-0.07935299724340439,0.995805025100708,0,0,0.7414150238037109,0,1,0.976876974105835,0.18520300090312958,0.10682199895381927,0,-0.1706870049238205,0.9764440059661865,-0.1319960057735443,0,-0.1287519931793213,0.1107110008597374,0.9854779839515686,0,0,0.7164419889450073,0,1,0.9226419925689697,0.36060601472854614,0.1367260068655014,0,-0.38565200567245483,0.8643860220909119,0.3226589858531952,0,-0.0018309999722987413,-0.3504279851913452,0.9365879893302917,0,-0.05294099822640419,0.08002900332212448,0.06036200001835823,1,0.9848690032958984,-0.13665799796581268,0.10656999796628952,0,0.15030500292778015,0.9796839952468872,-0.1327729970216751,0,-0.08625999838113785,0.14678199589252472,0.9854009747505188,0,-0.024449000135064125,0.08733200281858444,0,1,0.9904599785804749,0.12849099934101105,-0.0497869998216629,0,-0.1368589997291565,0.9593870043754578,-0.2466689944267273,0,0.01607000082731247,0.25113001465797424,0.9678199887275696,0,0.010323000140488148,0.09297499805688858,0,1,0.9887719750404358,0.1482039988040924,0.01910099945962429,0,-0.14917199313640594,0.986473023891449,0.06796800345182419,0,-0.00877000018954277,-0.07005400210618973,0.9975050091743469,0,-0.1271979957818985,0.3301219940185547,-0.00661400007084012,1,0.989454984664917,-0.14082199335098267,-0.033890001475811005,0,0.13761000335216522,0.8409389853477478,0.5233399868011475,0,-0.04519899934530258,-0.5224850177764893,0.8514500260353088,0,0.004093000199645758,0.08040200173854828,0,1,0.9971200227737427,-0.07331600040197372,-0.019395999610424042,0,0.07571499794721603,0.9478530287742615,0.30958300828933716,0,-0.00431300001218915,-0.3101600110530853,0.9506750106811523,0,-0.0012730000307783484,0.07176800072193146,0,1,0.9879999756813049,0.14814500510692596,0.0436910018324852,0,-0.15330100059509277,0.9750639796257019,0.1604669988155365,0,-0.018828999251127243,-0.16524000465869904,0.9860739707946777,0,-0.04712500050663948,0.29318100214004517,-0.022520000115036964,1,0.9778919816017151,-0.1961359977722168,-0.07251600176095963,0,0.18648700416088104,0.6610770225524902,0.7267730236053467,0,-0.09460800141096115,-0.7242289781570435,0.6830390095710754,0,0.006639999803155661,0.09613300114870071,0,1,0.9941120147705078,-0.10327400267124176,-0.03279700130224228,0,0.10776499658823013,0.9107080101966858,0.3987460136413574,0,-0.011311000213027,-0.39993199706077576,0.9164749979972839,0,-0.0018439999548718333,0.08786199986934662,0,1,0.9846469759941101,0.16563299298286438,0.05509499832987785,0,-0.1699170023202896,0.9817659854888916,0.0852229967713356,0,-0.03997400030493736,-0.0932760015130043,0.9948369860649109,0,0.053543999791145325,0.29100799560546875,-0.019807999953627586,1,0.956046998500824,-0.24572700262069702,-0.1599780023097992,0,0.22812700271606445,0.2805899977684021,0.9323239922523499,0,-0.18420900404453278,-0.927839994430542,0.3243139982223511,0,0.005867999978363514,0.07867699861526489,0,1,0.9923700094223022,-0.10626199841499329,-0.06252700090408325,0,0.12267100065946579,0.8000550270080566,0.5872510075569153,0,-0.012377999722957611,-0.5904409885406494,0.8069859743118286,0,-0.0028119999915361404,0.07310599833726883,0,1,0.9753230214118958,0.21913500130176544,0.026914000511169434,0,-0.22078099846839905,0.968330979347229,0.11657699942588806,0,-0.0005159999709576368,-0.11964300274848938,0.9928169846534729,0,0.12077999860048294,0.2229979932308197,-0.00686099985614419,1,0.9541749954223633,-0.26396000385284424,-0.14097799360752106,0,0.24613900482654572,0.42434999346733093,0.8714029788970947,0,-0.17019100487232208,-0.8661710023880005,0.4698750078678131,0,0.007691000122576952,0.058476999402046204,0,1,0.9818530082702637,-0.07692299783229828,-0.1733430027961731,0,0.18754799664020538,0.25830700993537903,0.9476829767227173,0,-0.028123000636696815,-0.9629949927330017,0.26804599165916443,0,-0.0036830001045018435,0.057537999004125595,0,1,-0.1725820004940033,-0.06671900302171707,0.9827330112457275,0,-0.9576079845428467,-0.2222689986228943,-0.1832599937915802,0,0.23065799474716187,-0.9726999998092651,-0.025529999285936356,0,-0.16997399926185608,0.3681989908218384,-0.005295000039041042,1,0.8037440180778503,-0.4992629885673523,0.3236219882965088,0,0.19590599834918976,0.7356699705123901,0.6483910083770752,0,-0.561797022819519,-0.45774099230766296,0.6890990138053894,0,0,0.36368298530578613,0,1,0.14972800016403198,-0.9856929779052734,-0.07740200310945511,0,0.985571026802063,0.14254100620746613,0.091279998421669,0,-0.07894100248813629,-0.0899519994854927,0.992812991142273,0,0,0.7402600049972534,0,1,0.9822480082511902,-0.15379899740219116,0.10739800333976746,0,0.1685429960489273,0.9749209880828857,-0.14533600211143494,0,-0.08235199749469757,0.16085700690746307,0.9835360050201416,0,0,0.715919017791748,0,1,0.8726500272750854,-0.39746201038360596,-0.2837350070476532,0,0.48484599590301514,0.7745890021324158,0.40612301230430603,0,0.05835900083184242,-0.4919709861278534,0.8686540126800537,0,0.05251700058579445,0.0796549990773201,0.05785299837589264,1,0.8904470205307007,0.38534998893737793,-0.2420939952135086,0,-0.4231559932231903,0.8968449831008911,-0.12887200713157654,0,0.16745999455451965,0.2171970009803772,0.9616559743881226,0,0.021980000659823418,0.08651500195264816,0,1,0.9790080189704895,0.20028699934482574,-0.037801001220941544,0,-0.2015019953250885,0.9231539964675903,-0.32739099860191345,0,-0.03067599982023239,0.32813501358032227,0.9441329836845398,0,-0.009847999550402164,0.09419199824333191,0,1,0.9983299970626831,-0.05486999824643135,-0.018084000796079636,0,0.05757499858736992,0.9190220236778259,0.3899799883365631,0,-0.004778000060468912,-0.3903689980506897,0.9206460118293762,0,0.12092000246047974,0.31066200137138367,-0.010487999767065048,1,0.9923049807548523,0.1188569962978363,0.034710001200437546,0,-0.11922899633646011,0.8415679931640625,0.5268269777297974,0,0.03340600058436394,-0.5269119739532471,0.8492630124092102,0,-0.0020759999752044678,0.08308299630880356,0,1,0.9981589913368225,0.0529789999127388,0.02953300066292286,0,-0.05919000133872032,0.7444729804992676,0.6650239825248718,0,0.013245999813079834,-0.6655480265617371,0.7462379932403564,0,0.002429000101983547,0.08299700170755386,0,1,0.99857097864151,-0.03195599839091301,-0.04284200072288513,0,0.051966000348329544,0.7678679823875427,0.6384959816932678,0,0.012493000365793705,-0.6398100256919861,0.7684310078620911,0,0.039987001568078995,0.308353990316391,-0.017412999644875526,1,0.9763100147247314,0.1959410011768341,0.09179700165987015,0,-0.1866459995508194,0.5479900240898132,0.8153960108757019,0,0.10946600139141083,-0.813211977481842,0.5715799927711487,0,-0.0051739998161792755,0.08614300191402435,0,1,0.9939600229263306,0.09422799944877625,0.05625100061297417,0,-0.1086219996213913,0.7717350125312805,0.6265990138053894,0,0.01563199982047081,-0.6289250254631042,0.777309000492096,0,0.0024939998984336853,0.08588500320911407,0,1,0.9994329810142517,0.0029819998890161514,-0.03352399915456772,0,0.02774900011718273,0.49066901206970215,0.8709040284156799,0,0.0190459992736578,-0.8713409900665283,0.4903079867362976,0,-0.044840000569820404,0.2629069983959198,-0.015855999663472176,1,0.9633049964904785,0.21682600677013397,0.15820999443531036,0,-0.18066799640655518,0.08787599951028824,0.9796109795570374,0,0.19850200414657593,-0.9722470045089722,0.12382499873638153,0,-0.00725799985229969,0.08541399985551834,0,1,0.9902039766311646,0.11862999945878983,0.07363499701023102,0,-0.13771800696849823,0.7429419755935669,0.6550350189208984,0,0.023000000044703484,-0.6587600111961365,0.7520020008087158,0,0.002257999964058399,0.07964599877595901,0,1,0.9977449774742126,0.06680099666118622,0.00648100022226572,0,-0.008786999620497227,0.03428500145673752,0.9993730187416077,0,0.06653600186109543,-0.997177004814148,0.034793999046087265,0,-0.11606699973344803,0.21008899807929993,-0.011547000147402287,1,0.9625080227851868,0.24342399835586548,0.11968100070953369,0,-0.23438499867916107,0.5242630243301392,0.8186650276184082,0,0.13653799891471863,-0.8160229921340942,0.5616620182991028,0,-0.0071840002201497555,0.0709180012345314,0,1,0.9832410216331482,0.10780499875545502,0.14701899886131287,0,-0.17887000739574432,0.41455501317977905,0.8922719955444336,0,0.03524399921298027,-0.9036160111427307,0.4268909990787506,0,0.0032259998843073845,0.05860700085759163,0,1,-0.9878460168838501,0.0528700016438961,0.14616599678993225,0,0.0005799999926239252,-0.9391120076179504,0.3436099886894226,0,0.15543299913406372,0.3395189940929413,0.9276679754257202,0,0.2560949921607971,-0.15797199308872223,-0.040674999356269836,1,0.9826200008392334,0.14452899992465973,0.1164880022406578,0,0.0005430000019259751,0.6252949833869934,-0.7803890109062195,0,-0.1856279969215393,0.7668889760971069,0.6143479943275452,0,0,1.3753329515457153,0,1,0.7644270062446594,-0.11308000236749649,0.6347159743309021,0,-0.6206910014152527,0.13714200258255005,0.7719680070877075,0,-0.17434099316596985,-0.9840760231018066,0.03464699909090996,0,0,1.2331180572509766,0,1,0.9579079747200012,-0.028481999412178993,0.28565898537635803,0,-0.15847399830818176,0.7772459983825684,0.608913004398346,0,-0.23937000334262848,-0.6285520195960999,0.7400169968605042,0,0,0.4137510061264038,0,1,-0.961670994758606,-0.14936000108718872,-0.22995999455451965,0,-0.06512399762868881,-0.6902329921722412,0.7206509709358215,0,-0.2663620114326477,0.7080039978027344,0.6540499925613403,0,-0.2560949921607971,-0.15797199308872223,-0.039340000599622726,1,0.9742299914360046,-0.1397159993648529,-0.17707400023937225,0,-0.13249999284744263,0.28082600235939026,-0.9505680203437805,0,0.1825370043516159,0.9495350122451782,0.2550770044326782,0,0,1.3753269910812378,0,1,0.8130090236663818,-0.09373799711465836,-0.5746560096740723,0,0.5070880055427551,0.5990250110626221,0.6197019815444946,0,0.2861439883708954,-0.7952250242233276,0.5345460176467896,0,0,1.2327829599380493,0,1,0.9710749983787537,-0.0064570000395178795,-0.23868900537490845,0,0.13574300706386566,0.8373159766197205,0.5296000242233276,0,0.1964389979839325,-0.5466809868812561,0.8139730095863342,0,0,0.41258499026298523,0,1
K0.033,0.9698640704154968,-0.11827991157770157,-0.2130107581615448,0,0.12666690349578857,0.9916009902954102,0.026120105758309364,0,0.20813174545764923,-0.05231405794620514,0.9767010807991028,0,0.029873060062527657,2.8117854595184326,0.04269814118742943,1,0.9979850053787231,0.033536795526742935,0.05385354533791542,0,-0.0350307822227478,0.999019980430603,0.027042919769883156,0,-0.05289355292916298,-0.028874903917312622,0.998183012008667,0,0,0.28454700112342834,-0.03201499953866005,1,0.9996700286865234,0.003985095769166946,0.02535979636013508,0,-0.004786089528352022,0.9994879961013794,0.03162701055407524,0,-0.02522079460322857,-0.03173801302909851,0.9991779923439026,0,0,0.3340660035610199,0,1,0.9985679984092712,0.05037009343504906,0.018012795597314835,0,-0.05090208724141121,0.9982410073280334,0.03041202202439308,0,-0.016448792070150375,-0.031285010278224945,0.9993749856948853,0,0,0.38179001212120056,0,1,0.9997760057449341,0.018040958791971207,0.01106302160769701,0,-0.01891496032476425,0.9962120056152344,0.08487999439239502,0,-0.00949002429842949,-0.08506999164819717,0.9963300228118896,0,0,0.42951399087905884,0,1,0.9971689581871033,0.020117919892072678,0.07244643568992615,0,0.0001802064070943743,0.9628989696502686,-0.269863098859787,0,-0.07518738508224487,0.26911312341690063,0.9601689577102661,0,0,0.2276429980993271,0.060318998992443085,1,-0.06930424273014069,0.05325203388929367,-0.9961730241775513,0,0.9324839115142822,-0.3513900935649872,-0.08365724235773087,0,-0.35450008511543274,-0.9347129464149475,-0.025303931906819344,0,0.16997399926185608,0.3685550093650818,-0.008461999706923962,1,0.9961029291152954,0.04388203099370003,0.07650341093540192,0,-0.08247854560613632,0.7707168459892273,0.6318162679672241,0,-0.03123692236840725,-0.635664165019989,0.7713337540626526,0,0,0.36368298530578613,0,1,0.544394850730896,0.8377830982208252,0.04187901318073273,0,-0.8376901149749756,0.5403768420219421,0.0791730061173439,0,0.04369901493191719,-0.07818301022052765,0.995980978012085,0,0,0.7414150238037109,0,1,0.9869019389152527,0.16062377393245697,-0.01499925646930933,0,-0.16132287681102753,0.9825300574302673,-0.09278267621994019,0,-0.0001656953972997144,0.0939868688583374,0.9955729246139526,0,0,0.7164419889450073,0,1,0.9226430058479309,0.36060601472854614,0.1367260068655014,0,-0.38565200567245483,0.8643860220909119,0.3226589858531952,0,-0.0018309999722987413,-0.3504279851913452,0.9365879893302917,0,-0.05294099822640419,0.08002900332212448,0.06036200001835823,1,0.9933710694313049,-0.0783613845705986,0.08410077542066574,0,0.08792034536600113,0.9892630577087402,-0.1167428120970726,0,-0.07404986023902893,0.12336376309394836,0.9895950555801392,0,-0.024449000135064125,0.08733200281858444,0,1,0.9904599785804749,0.12849099934101105,-0.0497869998216629,0,-0.1368589997291565,0.9593870043754578,-0.2466689944267273,0,0.016070999205112457,0.25113001465797424,0.9678199887275696,0,0.010323000140488148,0.09297499805688858,0,1,0.987716019153595,0.1553400754928589,0.01693597435951233,0,-0.15565605461597443,0.9876229763031006,0.019294487312436104,0,-0.013729056343436241,-0.02169349230825901,0.9996700286865234,0,-0.1271979957818985,0.3301219940185547,-0.00661400007084012,1,0.9903579950332642,-0.13532394170761108,-0.029630959033966064,0,0.13278193771839142,0.8663252592086792,0.4815065562725067,0,-0.03948894515633583,-0.48079854249954224,0.8759412169456482,0,0.004093000199645758,0.08040200173854828,0,1,0.9976239800453186,-0.06721393018960953,-0.015094958245754242,0,0.0688159242272377,0.962299108505249,0.26314249634742737,0,-0.003160991705954075,-0.26355648040771484,0.9646391272544861,0,-0.0012730000307783484,0.07176800072193146,0,1,0.9871240258216858,0.15431806445121765,0.04210498183965683,0,-0.15844106674194336,0.9794530868530273,0.12476862221956253,0,-0.021986035630106926,-0.1298336237668991,0.9912920594215393,0,-0.04712500050663948,0.29318100214004517,-0.022520000115036964,1,0.9788749814033508,-0.1928369700908661,-0.06795195490121841,0,0.18423597514629364,0.6877923011779785,0.7021387219429016,0,-0.08866094052791595,-0.6998247504234314,0.7087902426719666,0,0.006639999803155661,0.09613300114870071,0,1,0.9947069883346558,-0.09873794764280319,-0.028431955724954605,0,0.1022789403796196,0.925054132938385,0.36580565571784973,0,-0.009817985817790031,-0.366777628660202,0.9302571415901184,0,-0.0018439999548718333,0.08786199986934662,0,1,0.9862470030784607,0.15467287600040436,0.058247026056051254,0,-0.16162191331386566,0.9762678742408752,0.14414961636066437,0,-0.034568946808576584,-0.15158061683177948,0.9878398776054382,0,0.053543999791145325,0.29100799560546875,-0.019807999953627586,1,0.9630800485610962,-0.23902085423469543,-0.12387464195489883,0,0.22773289680480957,0.47792384028434753,0.8483666777610779,0,-0.1435745805501938,-0.8452556729316711,0.5147117972373962,0,0.005867999978363514,0.07867699861526489,0,1,0.9959279894828796,-0.08237170428037643,-0.03662978485226631,0,0.09013364464044571,0.9023107290267944,0.42155808210372925,0,-0.0016729580238461494,-0.42314305901527405,0.9060606360435486,0,-0.0028119999915361404,0.07310599833726883,0,1,0.978206992149353,0.20436084270477295,0.03672308847308159,0,-0.20750285685062408,0.9558917880058289,0.2078789323568344,0,0.007379068993031979,-0.21096894145011902,0.9774647355079651,0,0.12077999860048294,0.2229979932308197,-0.00686099985614419,1,0.9611970782279968,-0.2580218017101288,-0.09759659320116043,0,0.25334784388542175,0.6856679916381836,0.6824022531509399,0,-0.10915537178516388,-0.6806492805480957,0.7244308590888977,0,0.007691000122576952,0.058476999402046204,0,1,0.9869470596313477,-0.08564698696136475,-0.13638059794902802,0,0.16093967854976654,0.4940491318702698,0.8544083833694458,0,-0.005798846483230591,-0.8652054071426392,0.5013840794563293,0,-0.0036830001045018435,0.057537999004125595,0,1,-0.152171790599823,-0.06543799489736557,0.9861850738525391,0,-0.9613250494003296,-0.22195500135421753,-0.16306379437446594,0,0.2295590043067932,-0.9728590250015259,-0.029132036492228508,0,-0.16997399926185608,0.3681989908218384,-0.005295000039041042,1,0.7789116501808167,-0.5269454717636108,0.3400370478630066,0,0.19844409823417664,0.7214437127113342,0.6634302735328674,0,-0.5949084162712097,-0.4492748975753784,0.6665096282958984,0,0,0.36368298530578613,0,1,0.03556434065103531,-0.9954879879951477,-0.08796905726194382,0,0.9953640103340149,0.02741333283483982,0.09218700230121613,0,-0.0893600583076477,-0.09083999693393707,0.9918479919433594,0,0,0.7402600049972534,0,1,0.9817009568214417,-0.09411446005105972,0.1655445098876953,0,0.1223096176981926,0.9779390096664429,-0.16934029757976532,0,-0.14595557749271393,0.1864892542362213,0.9715548157691956,0,0,0.715919017791748,0,1,0.8726500272750854,-0.39746201038360596,-0.2837350070476532,0,0.48484599590301514,0.7745890021324158,0.40612301230430603,0,0.05835999920964241,-0.4919709861278534,0.8686529994010925,0,0.05251700058579445,0.0796549990773201,0.05785299837589264,1,0.8904470205307007,0.38534998893737793,-0.2420939952135086,0,-0.4231570065021515,0.8968449831008911,-0.12887200713157654,0,0.16745999455451965,0.2171970009803772,0.9616559743881226,0,0.021980000659823418,0.08651500195264816,0,1,0.9790080189704895,0.20028699934482574,-0.037801001220941544,0,-0.2015019953250885,0.9231529831886292,-0.32739099860191345,0,-0.03067599982023239,0.32813501358032227,0.9441329836845398,0,-0.009847999550402164,0.09419199824333191,0,1,0.9983299970626831,-0.05486999824643135,-0.018084999173879623,0,0.05757499858736992,0.9190220236778259,0.3899790048599243,0,-0.004778000060468912,-0.3903689980506897,0.9206460118293762,0,0.12092000246047974,0.31066200137138367,-0.010487999767065048,1,0.9923049807548523,0.11885599792003632,0.034710001200437546,0,-0.11922899633646011,0.8415690064430237,0.5268269777297974,0,0.03340600058436394,-0.5269110202789307,0.8492630124092102,0,-0.0020759999752044678,0.08308299630880356,0,1,0.9981589913368225,0.0529789999127388,0.029532000422477722,0,-0.05919000133872032,0.7444729804992676,0.6650239825248718,0,0.013245999813079834,-0.6655480265617371,0.7462379932403564,0,0.002429000101983547,0.08299700170755386,0,1,0.99857097864151,-0.03195599839091301,-0.04284200072288513,0,0.051966000348329544,0.7678679823875427,0.6384959816932678,0,0.012493000365793705,-0.6398100256919861,0.7684310078620911,0,0.039987001568078995,0.308353990316391,-0.017412999644875526,1,0.9763100147247314,0.1959410011768341,0.09179600328207016,0,-0.1866459995508194,0.5479900240898132,0.8153960108757019,0,0.10946600139141083,-0.813211977481842,0.5715799927711487,0,-0.0051739998161792755,0.08614300191402435,0,1,0.9939600229263306,0.09422799944877625,0.056251998990774155,0,-0.1086219996213913,0.7717350125312805,0.6265990138053894,0,0.015630999580025673,-0.6289250254631042,0.777309000492096,0,0.0024939998984336853,0.08588500320911407,0,1,0.9994329810142517,0.0029819998890161514,-0.033525001257658005,0,0.02774900011718273,0.49066901206970215,0.8709040284156799,0,0.0190459992736578,-0.8713409900665283,0.4903079867362976,0,-0.044840000569820404,0.2629069983959198,-0.015855999663472176,1,0.9633049964904785,0.21682600677013397,0.15821099281311035,0,-0.18066799640655518,0.08787599951028824,0.9796109795570374,0,0.19850200414657593,-0.9722470045089722,0.12382400035858154,0,-0.00725799985229969,0.08541399985551834,0,1,0.9902039766311646,0.11862999945878983,0.07363499701023102,0,-0.13771699368953705,0.7429419755935669,0.6550350189208984,0,0.023000000044703484,-0.6587589979171753,0.7520020008087158,0,0.002257999964058399,0.07964599877595901,0,1,0.9977449774742126,0.06679999828338623,0.00648100022226572,0,-0.008786999620497227,0.03428500145673752,0.9993730187416077,0,0.06653600186109543,-0.997177004814148,0.034793999046087265,0,-0.11606699973344803,0.21008899807929993,-0.011547000147402287,1,0.9625080227851868,0.24342399835586548,0.11968100070953369,0,-0.23438499867916107,0.5242630243301392,0.8186650276184082,0,0.13653799891471863,-0.8160229921340942,0.5616620182991028,0,-0.0071840002201497555,0.0709180012345314,0,1,0.9832410216331482,0.10780400037765503,0.14701899886131287,0,-0.17886899411678314,0.41455501317977905,0.8922719955444336,0,0.03524300083518028,-0.9036160111427307,0.4268909990787506,0,0.0032259998843073845,0.05860700085759163,0,1,-0.9892109036445618,-0.04592302069067955,0.1391109824180603,0,0.09431792795658112,-0.9262519478797913,0.36491385102272034,0,0.11209362000226974,0.37409794330596924,0.9205900430679321,0,0.2560949921607971,-0.15797199308872223,-0.040674999356269836,1,0.9842879772186279,0.13806290924549103,0.1100720763206482,0,-0.0024990420788526535,0.6342196464538574,-0.7731494307518005,0,-0.17655296623706818,0.7607263922691345,0.6245996356010437,0,0,1.3753329515457153,0,1,0.7654970288276672,-0.14786016941070557,0.6262199282646179,0,-0.5842154622077942,0.24812832474708557,0.7727378010749817,0,-0.26963990926742554,-0.9573765397071838,0.10355900973081589,0,0,1.2331180572509766,0,1,0.9579079747200012,-0.02848299965262413,0.28565800189971924,0,-0.15847299993038177,0.7772459983825684,0.608913004398346,0,-0.23937000334262848,-0.6285520195960999,0.7400169968605042,0,0,0.4137510061264038,0,1,-0.9546278119087219,-0.03947208449244499,-0.2951734662055969,0,-0.17024174332618713,-0.7409155964851379,0.6496619582176208,0,-0.24434199929237366,0.6704362630844116,0.7005795836448669,0,-0.2560949921607971,-0.15797199308872223,-0.039340000599622726,1,0.9779060482978821,-0.13116082549095154,-0.16278088092803955,0,-0.09002751857042313,0.4385381042957306,-0.8941916227340698,0,0.18866795301437378,0.8890896439552307,0.417041152715683,0,0,1.3753269910812378,0,1,0.775473952293396,-0.13047316670417786,-0.6177510619163513,0,0.5530699491500854,0.612326443195343,0.5649515986442566,0,0.3045542538166046,-0.7797646522521973,0.5470033288002014,0,0,1.2327829599380493,0,1,0.9716290235519409,-0.008118970319628716,-0.2363700419664383,0,0.1347930133342743,0.840222954750061,0.525221049785614,0,0.19433905184268951,-0.5421810746192932,0.8174789547920227,0,0,0.41258499026298523,0,1
