0.833,30,24,65
B0,mixamorig_Hips,-1,0.610827624797821,0.006750003434717655,0.7916476130485535,0,-0.19051289558410645,0.9710519909858704,0.1381121724843979,0,-0.7678415775299072,-0.23516567051410675,0.5943859219551086,0,0.32412630319595337,1.591532826423645,-0.11170969158411026,1
B1,mixamorig_Spine,0,0.9999288320541382,-0.007578014861792326,-0.009178850799798965,0,0.00799839198589325,0.9988691806793213,0.04681526497006416,0,0.008814850822091103,-0.046885423362255096,0.9988592267036438,0,0,0.28454700112342834,-0.03201499953866005,1
B2,mixamorig_Spine1,1,0.9999457597732544,0.003450955729931593,-0.009071338921785355,0,-0.00045028861495666206,0.9499066472053528,0.3124898672103882,0,0.009708286263048649,-0.3124775290489197,0.9498662352561951,0,0,0.3340660035610199,0,1
B3,mixamorig_Spine2,2,0.9999457597732544,0.003450955729931593,-0.009071338921785355,0,-0.00045028861495666206,0.9499066472053528,0.3124898672103882,0,0.009708005003631115,-0.31247827410697937,0.9498662352561951,0,0,0.38179001212120056,0,1
B4,mixamorig_Neck,3,0.9913678765296936,-0.05221092700958252,-0.1198623925447464,0,0.03993965685367584,0.9938092231750488,-0.10290975123643875,0,0.12442217767238617,0.09720513969659805,0.9874033331871033,0,0,0.42951399087905884,0,1
B5,mixamorig_Head,4,0.9280687570571899,-0.23768970370292664,-0.28653043508529663,0,0.06888127326965332,0.8659884333610535,-0.49493125081062317,0,0.36591750383377075,0.43955060839653015,0.8201016187667847,0,0,0.2276429980993271,0.060318998992443085,1
B6,mixamorig_HeadTop_End,5,1,0,0,0,0,1,0,0,0,0,1,0,0,0.6589959859848022,0.17461499571800232,1
B7,mixamorig_LeftShoulder,3,-0.07472991198301315,0.03467337414622307,-0.996539294719696,0,0.8135640621185303,-0.5754839777946472,-0.08096075803041458,0,-0.5763108730316162,-0.8169150352478027,0.014962987042963505,0,0.16997399926185608,0.3685550093650818,-0.008461999706923962,1
B8,mixamorig_LeftArm,7,0.9312806129455566,0.18291518092155457,0.3015610873699188,0,-0.33664005994796753,0.7160696983337402,0.604542076587677,0,-0.10806789994239807,-0.6694247126579285,0.7346661686897278,0,0,0.36368298530578613,0,1
B9,mixamorig_LeftForeArm,8,0.950363039970398,0.2889576852321625,0.006937358528375626,0,-0.285203754901886,0.9345155954360962,0.1811588704586029,0,0.04644385352730751,-0.17963942885398865,0.9821814894676208,0,0,0.7414150238037109,0,1
B10,mixamorig_LeftHand,9,0.9847031235694885,0.15240848064422607,-0.0734618529677391,0,-0.16154924035072327,0.9701664447784424,-0.17536327242851257,0,0.044105272740125656,0.18400703370571136,0.9802337884902954,0,0,0.7164419889450073,0,1
B11,mixamorig_LeftHandThumb1,10,0.7160474061965942,0.6329915523529053,0.294254332780838,0,-0.6497553586959839,0.4503977298736572,0.612287700176239,0,0.25505754351615906,-0.6296097040176392,0.733812153339386,0,-0.05294099822640419,0.08002900332212448,0.06036200001835823,1
B12,mixamorig_LeftHandThumb2,11,0.926172137260437,0.3770368695259094,0.006727439351379871,0,-0.376756489276886,0.925946831703186,-0.02596752718091011,0,-0.0160196702927351,0.02151605859398842,0.9996401071548462,0,-0.024449000135064125,0.08733200281858444,0,1
B13,mixamorig_LeftHandThumb3,12,0.9977080225944519,0.06759099662303925,0.0031709999311715364,0,-0.06758899986743927,0.997713029384613,-0.0005709999823011458,0,-0.0032019999343901873,0.0003549999964889139,0.9999949932098389,0,0.010323000140488148,0.09297499805688858,0,1
B14,mixamorig_LeftHandThumb4,13,1,0,0,0,0,1,0,0,0,0,1,0,0.014125999994575977,0.07835999876260757,0,1
B15,mixamorig_LeftHandIndex1,10,0.9522302150726318,0.29374778270721436,0.08347080647945404,0,-0.30427345633506775,0.9358795881271362,0.1776045858860016,0,-0.025946050882339478,-0.19451908767223358,0.980553925037384,0,-0.1271979957818985,0.3301219940185547,-0.00661400007084012,1
B16,mixamorig_LeftHandIndex2,15,0.9964533448219299,-0.08356256783008575,-0.009899694472551346,0,0.08061222732067108,0.9142281413078308,0.3970983922481537,0,-0.02413121610879898,-0.39648762345314026,0.9177213907241821,0,0.004093000199645758,0.08040200173854828,0,1
B17,mixamorig_LeftHandIndex3,16,0.9995290040969849,-0.030548999086022377,0.0028750000055879354,0,0.03054800070822239,0.9995329976081848,0.00014000000373926014,0,-0.0028780000284314156,-0.00005199999941396527,0.9999960064888,0,-0.0012730000307783484,0.07176800072193146,0,1
B18,mixamorig_LeftHandIndex4,17,1,0,0,0,0,1,0,0,0,0,1,0,-0.002819000044837594,0.0575300008058548,0,1
B19,mixamorig_LeftHandMiddle1,10,0.9768942594528198,0.20708338916301727,0.0528533011674881,0,-0.21371862292289734,0.9451322555541992,0.24707761406898499,0,0.0012121615000069141,-0.2526646554470062,0.9675520658493042,0,-0.04712500050663948,0.29318100214004517,-0.022520000115036964,1
B20,mixamorig_LeftHandMiddle2,19,0.9962596297264099,-0.08565016090869904,-0.011426124721765518,0,0.08522410690784454,0.9521424174308777,0.2935260236263275,0,-0.014260844327509403,-0.2934016287326813,0.9558807611465454,0,0.006639999803155661,0.09613300114870071,0,1
B21,mixamorig_LeftHandMiddle3,20,0.9990479946136475,-0.043170999735593796,0.006324999965727329,0,0.04316899925470352,0.999068021774292,0.0004039999912492931,0,-0.00633700005710125,-0.00013000000035390258,0.9999799728393555,0,-0.0018439999548718333,0.08786199986934662,0,1
B22,mixamorig_LeftHandMiddle4,21,1,0,0,0,0,1,0,0,0,0,1,0,-0.004796000197529793,0.07533500343561172,0,1
B23,mixamorig_LeftHandRing1,10,0.9974031448364258,0.052676573395729065,0.04910079389810562,0,-0.06567632406949997,0.9450590014457703,0.3202260136604309,0,-0.029536012560129166,-0.32261979579925537,0.9460656642913818,0,0.053543999791145325,0.29100799560546875,-0.019807999953627586,1
B24,mixamorig_LeftHandRing2,23,0.99494469165802,-0.09837514907121658,-0.020175037905573845,0,0.0993955209851265,0.9360271692276001,0.33759263157844543,0,-0.014326659962534904,-0.3378913402557373,0.9410734176635742,0,0.005867999978363514,0.07867699861526489,0,1
B25,mixamorig_LeftHandRing3,24,0.9999060034751892,-0.013593999668955803,0.0016509999986737967,0,0.013593999668955803,0.9999079704284668,0.00008499999967170879,0,-0.00165200000628829,-0.00006299999949987978,0.9999989867210388,0,-0.0028119999915361404,0.07310599833726883,0,1
B26,mixamorig_LeftHandRing4,25,1,0,0,0,0,1,0,0,0,0,1,0,-0.0030559999868273735,0.05968699976801872,0,1
B27,mixamorig_LeftHandPinky1,10,0.9988207817077637,-0.04403268173336983,-0.020385779440402985,0,0.04762788116931915,0.970024585723877,0.23827652633190155,0,0.009278890676796436,-0.23896820843219757,0.9709795713424683,0,0.12077999860048294,0.2229979932308197,-0.00686099985614419,1
B28,mixamorig_LeftHandPinky2,27,0.9941890239715576,-0.09843607991933823,-0.0435776486992836,0,0.10716148465871811,0.8664305210113525,0.4876582622528076,0,-0.010246200487017632,-0.489494264125824,0.871943473815918,0,0.007691000122576952,0.058476999402046204,0,1
B29,mixamorig_LeftHandPinky3,28,0.9997209906578064,-0.023617718368768692,0.00031999999191612005,0,0.02361699938774109,0.9997209906578064,0.00002700000004551839,0,-0.00031999999191612005,-0.000019999999494757503,1,0,-0.0036830001045018435,0.057537999004125595,0,1
B30,mixamorig_LeftHandPinky4,29,1,0,0,0,0,1,0,0,0,0,1,0,-0.004009000025689602,0.04541200026869774,0,1
B31,mixamorig_RightShoulder,3,-0.06776639819145203,-0.021357856690883636,0.9974216818809509,0,-0.8795293569564819,-0.47058382630348206,-0.06981615722179413,0,0.47086745500564575,-0.8820866346359253,0.013144277967512608,0,-0.16997399926185608,0.3681989908218384,-0.005295000039041042,1
B32,mixamorig_RightArm,31,0.9712780117988586,0.09833067655563354,-0.2030399590730667,0,0.08477489650249481,0.6730963587760925,0.7308075428009033,0,0.21057045459747314,-0.7303541302680969,0.6495795845985413,0,0,0.36368298530578613,0,1
B33,mixamorig_RightForeArm,32,0.6392166614532471,-0.743931233882904,-0.18213701248168945,0,0.7585925459861755,0.647246241569519,0.01830058917403221,0,0.10363607853651047,-0.14957480132579803,0.9830504059791565,0,0,0.7402600049972534,0,1
B34,mixamorig_RightHand,33,0.9905658960342407,-0.12286026030778885,-0.02340707741677761,0,0.12110765278339386,0.9795364141464233,-0.04926898702979088,0,0.0370028093457222,0.04543077573180199,0.9880445599555969,0,0,0.715919017791748,0,1
B35,mixamorig_RightHandThumb1,34,0.7590453624725342,-0.5519838929176331,-0.3451773524284363,0,0.649346113204956,0.6799838542938232,0.3405141532421112,0,0.046745046973228455,-0.48261067271232605,0.8745797872543335,0,0.05251700058579445,0.0796549990773201,0.05785299837589264,1
B36,mixamorig_RightHandThumb2,35,0.9372663497924805,-0.348497211933136,-0.008963287808001041,0,0.34817180037498474,0.9370644092559814,-0.02618616633117199,0,0.0175252053886652,0.021423354744911194,0.9996167421340942,0,0.021980000659823418,0.08651500195264816,0,1
B37,mixamorig_RightHandThumb3,36,0.9979779720306396,-0.05693628266453743,-0.02823599986732006,0,0.05682928115129471,0.9983729720115662,-0.004573000129312277,0,0.028450999408960342,0.0029589999467134476,0.9995909929275513,0,-0.009847999550402164,0.09419199824333191,0,1
B38,mixamorig_RightHandThumb4,37,1,0,0,0,0,1,0,0,0,0,1,0,-0.012133000418543816,0.0746849998831749,0,1
B39,mixamorig_RightHandIndex1,34,0.960533857345581,-0.2628791630268097,-0.09092839062213898,0,0.2742834985256195,0.9494996070861816,0.1523694396018982,0,0.0462803915143013,-0.17129658162593842,0.9841316342353821,0,0.12092000246047974,0.31066200137138367,-0.010487999767065048,1
B40,mixamorig_RightHandIndex2,39,0.9964835047721863,0.08274206519126892,0.013202784582972527,0,-0.08204468339681625,0.9315659403800964,0.35419392585754395,0,0.0170074962079525,-0.3540310561656952,0.9350787997245789,0,-0.0020759999752044678,0.08308299630880356,0,1
B41,mixamorig_RightHandIndex3,40,0.9993669986724854,-0.03557800129055977,0.0008582812733948231,0,0.03557800129055977,0.9993669986724854,0.000004999999873689376,0,-0.0008580000139772892,0.00002499999936844688,1,0,0.002429000101983547,0.08299700170755386,0,1
B42,mixamorig_RightHandIndex4,41,1,0,0,0,0,1,0,0,0,0,1,0,-0.0003530000103637576,0.05992899835109711,0,1
B43,mixamorig_RightHandMiddle1,34,0.9842517971992493,-0.16091203689575195,-0.07318737357854843,0,0.1733470857143402,0.9596933722496033,0.22122052311897278,0,0.03464062511920929,-0.2304231971502304,0.9724733233451843,0,0.039987001568078995,0.308353990316391,-0.017412999644875526,1
B44,mixamorig_RightHandMiddle2,43,0.9952932000160217,0.09614907950162888,0.01213113684207201,0,-0.09612923115491867,0.9636281728744507,0.24935342371463776,0,0.012285408563911915,-0.24934622645378113,0.968334972858429,0,-0.0051739998161792755,0.08614300191402435,0,1
B45,mixamorig_RightHandMiddle3,44,0.9999520182609558,0.009734000079333782,-0.0011480000102892518,0,-0.009734000079333782,0.9999529719352722,0.000045000000682193786,0,0.0011480000102892518,-0.00003400000059627928,0.9999989867210388,0,0.0024939998984336853,0.08588500320911407,0,1
B46,mixamorig_RightHandMiddle4,45,1,0,0,0,0,1,0,0,0,0,1,0,0.00267999991774559,0.06950999796390533,0,1
B47,mixamorig_RightHandRing1,34,0.9999257922172546,-0.011988790705800056,-0.0018392095807939768,0,0.011988963931798935,0.9540088176727295,0.2995353043079376,0,-0.0018360830144956708,-0.2995354235172272,0.9540823101997375,0,-0.044840000569820404,0.2629069983959198,-0.015855999663472176,1
B48,mixamorig_RightHandRing2,47,0.9958329200744629,0.08902288228273392,0.019810540601611137,0,-0.09090900421142578,0.9516000747680664,0.29357850551605225,0,0.007283624727278948,-0.29415634274482727,0.9557278752326965,0,-0.00725799985229969,0.08541399985551834,0,1
B49,mixamorig_RightHandRing3,48,0.999019980430603,0.043333999812603,-0.009046000428497791,0,-0.04332999885082245,0.9990609884262085,0.0006549999816343188,0,0.009065999649465084,-0.00026271873502992094,0.9999589920043945,0,0.002257999964058399,0.07964599877595901,0,1
B50,mixamorig_RightHandRing4,49,1,0,0,0,0,1,0,0,0,0,1,0,0.004999999888241291,0.06913899630308151,0,1
B51,mixamorig_RightHandPinky1,34,0.9897675514221191,0.13493521511554718,0.04636505991220474,0,-0.1417793482542038,0.9665917158126831,0.21352601051330566,0,-0.016001302748918533,-0.21791565418243408,0.975834846496582,0,-0.11606699973344803,0.21008899807929993,-0.011547000147402287,1
B52,mixamorig_RightHandPinky2,51,0.9981095790863037,0.05427735298871994,0.02881842479109764,0,-0.06143549084663391,0.89268559217453,0.4464707374572754,0,-0.0014929651515558362,-0.4473969042301178,0.8943328261375427,0,-0.0071840002201497555,0.0709180012345314,0,1
B53,mixamorig_RightHandPinky3,52,0.9997360110282898,0.022512000054121017,-0.004631999880075455,0,-0.02251099981367588,0.9997469782829285,0.00035799999022856355,0,0.004639000166207552,-0.0002530000056140125,0.9999889731407166,0,0.0032259998843073845,0.05860700085759163,0,1
B54,mixamorig_RightHandPinky4,53,1,0,0,0,0,1,0,0,0,0,1,0,0.003957999870181084,0.0517750009894371,0,1
B55,mixamorig_LeftUpLeg,0,-0.9589396119117737,-0.13281603157520294,0.2498282492160797,0,0.23536072671413422,0.11771386116743088,0.9640791416168213,0,-0.157955139875412,0.9833865761756897,-0.0817069262266159,0,0.2560949921607971,-0.15797199308872223,-0.040674999356269836,1
B56,mixamorig_LeftLeg,55,0.9902817606925964,-0.13093267381191254,0.04619554430246353,0,-0.008830960839986801,-0.3905215263366699,-0.9203919172286987,0,0.138583242893219,0.9110449552536011,-0.3878691792488098,0,0,1.3753329515457153,0,1
B57,mixamorig_LeftFoot,56,0.9234557151794434,-0.12685292959213257,0.36202502250671387,0,-0.3356519937515259,0.19010065495967865,0.9225431680679321,0,-0.18586620688438416,-0.973439633846283,0.13297678530216217,0,0,1.2331180572509766,0,1
B58,mixamorig_LeftToeBase,57,0.967232346534729,-0.006202449090778828,0.25380250811576843,0,-0.13778522610664368,0.8268298506736755,0.5453125238418579,0,-0.21323348581790924,-0.5624125003814697,0.7988837957382202,0,0,0.4137510061264038,0,1
B59,mixamorig_LeftToe_End,58,1,0,0,0,0,1,0,0,0,0,1,0,0,0.16649700701236725,0,1
B60,mixamorig_RightUpLeg,0,-0.8773413300514221,0.39339444041252136,-0.2737811207771301,0,-0.3874877989292145,-0.24352788925170898,0.8880876898765564,0,0.28271278738975525,0.8852384686470032,0.3660888671875,0,-0.2560949921607971,-0.15797199308872223,-0.039340000599622726,1
B61,mixamorig_RightLeg,60,0.9997510313987732,0.001338683650828898,0.0006689776200801134,0,0.0007707760669291019,-0.5002759099006653,-0.8655668497085571,0,-0.0009408345213159919,0.8653186559677124,-0.5002653002738953,0,0,1.3753269910812378,0,1
B62,mixamorig_RightFoot,61,0.8883628845214844,0.3983216881752014,-0.22817793488502502,0,0.3249951899051666,-0.19529220461845398,0.9250748753547668,0,0.3240152895450592,-0.895931601524353,-0.3030165731906891,0,0,1.2327829599380493,0,1
B63,mixamorig_RightToeBase,62,0.9581276178359985,-0.027186788618564606,-0.2850363850593567,0,0.1874629408121109,0.812014639377594,0.5527059435844421,0,0.21642625331878662,-0.5829954743385315,0.783114492893219,0,0,0.41258499026298523,0,1
B64,mixamorig_RightToe_End,63,1,0,0,0,0,1,0,0,0,0,1,0,0,0.16634300351142883,0,1
@52,0,1,2,3,4,5,7,8,9,10,11,12,13,15,16,17,19,20,21,23,24,25,27,28,29,31,32,33,34,35,36,37,39,40,41,43,44,45,47,48,49,51,52,53,55,56,57,58,60,61,62,63
K0.000,0.7292940020561218,0.000387999985832721,0.6841999888420105,0,0.05275699868798256,0.996990978717804,-0.05679899826645851,0,-0.6821630001068115,0.07751999795436859,0.7270789742469788,0,-0.020168999210000038,2.7898828983306885,-0.001069999998435378,1,0.9965429902076721,-0.011219999752938747,-0.08231399953365326,0,0.010301000438630581,0.9998800158500671,-0.01157000008970499,0,0.08243399858474731,0.0106819998472929,0.9965389966964722,0,0,0.28454700112342834,-0.03201499953866005,1,0.986175000667572,-0.0019049999536946416,-0.165693998336792,0,0.035172998905181885,0.9795550107955933,0.19807900488376617,0,0.16192899644374847,-0.2011689990758896,0.9660800099372864,0,0,0.3340660035610199,0,1,0.986175000667572,-0.0019049999536946416,-0.165693998336792,0,0.035172998905181885,0.9795550107955933,0.19807900488376617,0,0.16192899644374847,-0.2011689990758896,0.9660800099372864,0,0,0.38179001212120056,0,1,0.9997429847717285,0.002609000075608492,0.0225249994546175,0,-0.003438000101596117,0.9993150234222412,0.03685100004076958,0,-0.02241400070488453,-0.036917999386787415,0.9990670084953308,0,0,0.42951399087905884,0,1,0.9370319843292236,-0.04470900073647499,-0.34637099504470825,0,0.006188000086694956,0.9937419891357422,-0.11152999848127365,0,0.34918999671936035,0.10236400365829468,0.931443989276886,0,0,0.2276429980993271,0.060318998992443085,1,-0.03876100108027458,0.02472499944269657,-0.9989429712295532,0,0.9367579817771912,-0.3470799922943115,-0.04493900015950203,0,-0.34782400727272034,-0.9375090003013611,-0.009708000347018242,0,0.16997399926185608,0.3685550093650818,-0.008461999706923962,1,0.9808909893035889,-0.05197399854660034,0.18748700618743896,0,-0.11415799707174301,0.6265860199928284,0.7709460258483887,0,-0.1575459986925125,-0.7776169776916504,0.6086789965629578,0,0,0.36368298530578613,0,1,0.6661220192909241,0.7408599853515625,-0.08606400340795517,0,-0.7349240183830261,0.6716579794883728,0.09360700100660324,0,0.12715500593185425,0.0008970000199042261,0.9918820261955261,0,0,0.7414150238037109,0,1,0.9408239722251892,-0.1600939929485321,-0.2986980080604553,0,0.07096700370311737,0.9549139738082886,-0.2882770001888275,0,0.33138298988342285,0.25001999735832214,0.9097669720649719,0,0,0.7164419889450073,0,1,0.9756109714508057,0.21032600104808807,-0.06281200051307678,0,-0.14680099487304688,0.8379309773445129,0.5256620049476624,0,0.1631930023431778,-0.503620982170105,0.8483710289001465,0,-0.05294099822640419,0.08002900332212448,0.06036200001835823,1,0.9264979958534241,0.3762269914150238,0.007441999856382608,0,-0.3760859966278076,0.9264559745788574,-0.01546700019389391,0,-0.012714000418782234,0.011531000025570393,0.9998530149459839,0,-0.024449000135064125,0.08733200281858444,0,1,0.9977080225944519,0.06759099662303925,0.0031709999311715364,0,-0.06758899986743927,0.997713029384613,-0.0005709999823011458,0,-0.0032019999343901873,0.0003549999964889139,0.9999949932098389,0,0.010323000140488148,0.09297499805688858,0,1,0.9455230236053467,0.3249469995498657,0.01989700086414814,0,-0.32485100626945496,0.9457319974899292,-0.007966999895870686,0,-0.02140600048005581,0.0010689999908208847,0.9997699856758118,0,-0.1271979957818985,0.3301219940185547,-0.00661400007084012,1,0.9955660104751587,-0.09345000237226486,-0.010762999765574932,0,0.09269200265407562,0.955053985118866,0.2815679907798767,0,-0.016033999621868134,-0.28131699562072754,0.9594810009002686,0,0.004093000199645758,0.08040200173854828,0,1,0.9995290040969849,-0.030548999086022377,0.0028750000055879354,0,0.03054800070822239,0.9995329976081848,0.00014000000373926014,0,-0.0028780000284314156,-0.00005199999941396527,0.9999960064888,0,-0.0012730000307783484,0.07176800072193146,0,1,0.9988099932670593,0.0429299995303154,0.02312600053846836,0,-0.04618600010871887,0.9849979877471924,0.16627000272274017,0,-0.015641000121831894,-0.16714000701904297,0.9858090281486511,0,-0.04712500050663948,0.29318100214004517,-0.022520000115036964,1,0.9966790080070496,-0.08058200031518936,-0.011719999834895134,0,0.07912100106477737,0.9243069887161255,0.37335801124572754,0,-0.019253000617027283,-0.3730449974536896,0.9276130199432373,0,0.006639999803155661,0.09613300114870071,0,1,0.9990479946136475,-0.043170999735593796,0.006324999965727329,0,0.04316899925470352,0.999068021774292,0.0004039999912492931,0,-0.00633700005710125,-0.00013000000035390258,0.9999799728393555,0,-0.0018439999548718333,0.08786199986934662,0,1,0.9962040185928345,-0.07211499661207199,0.048753999173641205,0,0.04372600093483925,0.8988469839096069,0.43607598543167114,0,-0.07526899874210358,-0.4322890043258667,0.8985880017280579,0,0.053543999791145325,0.29100799560546875,-0.019807999953627586,1,0.9949399828910828,-0.09647200256586075,-0.02806900069117546,0,0.09661199897527695,0.8419119715690613,0.5308949947357178,0,-0.027584999799728394,-0.5309209823608398,0.8469719886779785,0,0.005867999978363514,0.07867699861526489,0,1,0.9999060034751892,-0.013593999668955803,0.0016509999986737967,0,0.013593999668955803,0.9999079704284668,0.00008499999967170879,0,-0.00165200000628829,-0.00006299999949987978,0.9999989867210388,0,-0.0028119999915361404,0.07310599833726883,0,1,0.9967929720878601,-0.07586099952459335,0.025476999580860138,0,0.05406999960541725,0.8731560111045837,0.48443201184272766,0,-0.05899500101804733,-0.4815010130405426,0.8744580149650574,0,0.12077999860048294,0.2229979932308197,-0.00686099985614419,1,0.9943730235099792,-0.09188199788331985,-0.05273300036787987,0,0.10442099720239639,0.7661100029945374,0.6341699957847595,0,-0.017868999391794205,-0.6361079812049866,0.7713930010795593,0,0.007691000122576952,0.058476999402046204,0,1,0.9997209906578064,-0.02361699938774109,0.00031999999191612005,0,0.02361699938774109,0.9997209906578064,0.00002700000004551839,0,-0.00031999999191612005,-0.000019999999494757503,1,0,-0.0036830001045018435,0.057537999004125595,0,1,0.12774500250816345,-0.024891000241041183,0.9914950132369995,0,-0.9105589985847473,-0.39921098947525024,0.10729599744081497,0,0.39314499497413635,-0.9165210127830505,-0.07366199791431427,0,-0.16997399926185608,0.3681989908218384,-0.005295000039041042,1,0.8807200193405151,0.47270798683166504,-0.029649000614881516,0,-0.3111329972743988,0.6246100068092346,0.716280996799469,0,0.35711100697517395,-0.6216179728507996,0.6971819996833801,0,0,0.36368298530578613,0,1,0.7478340268135071,-0.6550610065460205,-0.10788600146770477,0,0.6638839840888977,0.7374740242958069,0.12405899912118912,0,-0.0017030000453814864,-0.16439899802207947,0.9863920211791992,0,0,0.7402600049972534,0,1,0.9763209819793701,-0.08383399993181229,0.19942300021648407,0,0.02762399986386299,0.9626240134239197,0.2694289982318878,0,-0.2145570069551468,-0.2575399875640869,0.9421460032463074,0,0,0.715919017791748,0,1,0.9475979804992676,-0.24455100297927856,-0.20555299520492554,0,0.3102259933948517,0.8580309748649597,0.40931999683380127,0,0.07627099752426147,-0.45163899660110474,0.8889350295066833,0,0.05251700058579445,0.0796549990773201,0.05785299837589264,1,0.999750018119812,0.006659000180661678,-0.021344000473618507,0,-0.008283999748528004,0.996999979019165,-0.07695300132036209,0,0.020766999572515488,0.07711099833250046,0.9968060255050659,0,0.021980000659823418,0.08651500195264816,0,1,0.9979779720306396,-0.05693700164556503,-0.02823599986732006,0,0.05683000013232231,0.9983729720115662,-0.004573000129312277,0,0.028450999408960342,0.0029589999467134476,0.9995909929275513,0,-0.009847999550402164,0.09419199824333191,0,1,0.9907050132751465,-0.13077199459075928,-0.037436001002788544,0,0.13164499402046204,0.9910550117492676,0.02188199944794178,0,0.0342399999499321,-0.02660599909722805,0.9990590214729309,0,0.12092000246047974,0.31066200137138367,-0.010487999767065048,1,0.996167004108429,0.08660099655389786,0.012329000048339367,0,-0.08645199984312057,0.9532129764556885,0.2896740138530731,0,0.013333000242710114,-0.2896290123462677,0.9570459723472595,0,-0.0020759999752044678,0.08308299630880356,0,1,0.9993669986724854,-0.03557800129055977,0.0008590000215917826,0,0.03557800129055977,0.9993669986724854,0.000004999999873689376,0,-0.0008580000139772892,0.00002499999936844688,1,0,0.002429000101983547,0.08299700170755386,0,1,0.9902949929237366,-0.12476000189781189,-0.06124800071120262,0,0.13316500186920166,0.9779080152511597,0.16112999618053436,0,0.039792001247406006,-0.16772200167179108,0.985031008720398,0,0.039987001568078995,0.308353990316391,-0.017412999644875526,1,0.996097981929779,0.08656500279903412,0.01720000058412552,0,-0.08323699980974197,0.8566340208053589,0.5091660022735596,0,0.02934199944138527,-0.5086110234260559,0.8604959845542908,0,-0.0051739998161792755,0.08614300191402435,0,1,0.9999520182609558,0.009734000079333782,-0.0011480000102892518,0,-0.009734000079333782,0.9999529719352722,0.000045000000682193786,0,0.0011480000102892518,-0.00003400000059627928,0.9999989867210388,0,0.0024939998984336853,0.08588500320911407,0,1,0.9981669783592224,-0.056598000228405,-0.021446000784635544,0,0.060454998165369034,0.9494060277938843,0.30817699432373047,0,0.002919000107795,-0.30890798568725586,0.9510869979858398,0,-0.044840000569820404,0.2629069983959198,-0.015855999663472176,1,0.9970309734344482,0.07320699840784073,0.02385599911212921,0,-0.07256100326776505,0.7897329926490784,0.6091439723968506,0,0.02575399912893772,-0.6090670228004456,0.7926999926567078,0,-0.00725799985229969,0.08541399985551834,0,1,0.999019980430603,0.043333999812603,-0.009046000428497791,0,-0.04332999885082245,0.9990609884262085,0.0006549999816343188,0,0.009065999649465084,-0.00026199998683296144,0.9999589920043945,0,0.002257999964058399,0.07964599877595901,0,1,0.9996309876441956,-0.018369000405073166,-0.01998700015246868,0,0.024132000282406807,0.93852299451828,0.3443720042705536,0,0.012432999908924103,-0.3447270095348358,0.9386209845542908,0,-0.11606699973344803,0.21008899807929993,-0.011547000147402287,1,0.9983850121498108,0.04221300035715103,0.038026001304388046,0,-0.056811001151800156,0.7489500045776367,0.6601870059967041,0,-0.0006120000034570694,-0.6612809896469116,0.750137984752655,0,-0.0071840002201497555,0.0709180012345314,0,1,0.9997360110282898,0.022512000054121017,-0.004631999880075455,0,-0.02251099981367588,0.9997469782829285,0.00035799999022856355,0,0.004639000166207552,-0.0002530000056140125,0.9999889731407166,0,0.0032259998843073845,0.05860700085759163,0,1,-0.972773015499115,-0.13899199664592743,0.18545399606227875,0,0.2035599946975708,-0.8949580192565918,0.39700600504875183,0,0.11079300194978714,0.4239479899406433,0.8988839983940125,0,0.2560949921607971,-0.15797199308872223,-0.040674999356269836,1,0.9722830057144165,-0.0869079977273941,-0.217057004570961,0,-0.06753899902105331,0.7843809723854065,-0.6165909767150879,0,0.22384199500083923,0.6141610145568848,0.7567700147628784,0,0,1.3753329515457153,0,1,0.9361550211906433,-0.012294000014662743,0.35137298703193665,0,-0.3000659942626953,0.4929029941558838,0.8167049884796143,0,-0.18323299288749695,-0.8699979782104492,0.4577440023422241,0,0,1.2331180572509766,0,1,0.9735130071640015,-0.04841800034046173,0.22344599664211273,0,-0.09581000357866287,0.8009719848632812,0.5909860134124756,0,-0.20758800208568573,-0.5967410206794739,0.7751179933547974,0,0,0.4137510061264038,0,1,-0.9447479844093323,0.21024799346923828,-0.25148800015449524,0,-0.22282500565052032,-0.974602997303009,0.022290000692009926,0,-0.24041500687599182,0.07709600031375885,0.9676039814949036,0,-0.2560949921607971,-0.15797199308872223,-0.039340000599622726,1,0.9833139777183533,-0.1445010006427765,-0.11050800234079361,0,0.047635000199079514,0.7908080220222473,-0.6102079749107361,0,0.17556600272655487,0.5947620272636414,0.784496009349823,0,0,1.3753269910812378,0,1,0.9066299796104431,0.2623539865016937,-0.33044400811195374,0,0.2417369931936264,0.31890401244163513,0.9164400100708008,0,0.34581199288368225,-0.9107530117034912,0.2257079929113388,0,0,1.2327829599380493,0,1,0.9637709856033325,0.0071000000461936,-0.26663801074028015,0,0.15008600056171417,0.8119440078735352,0.5641109943389893,0,0.22050000727176666,-0.5836920142173767,0.7814620137214661,0,0,0.41258499026298523,0,1
K0.033,0.7282439470291138,-0.003448997624218464,0.6853090524673462,0,0.04425271600484848,0.9981369972229004,-0.04200169816613197,0,-0.6838881373405457,0.06091458722949028,0.7270399332046509,0,-0.007571606431156397,2.7859947681427,-0.004050133749842644,1,0.9969750046730042,-0.011459005065262318,-0.07687092572450638,0,0.01061300653964281,0.999879002571106,-0.011403975076973438,0,0.076992928981781,0.010553975589573383,0.9969760179519653,0,0,0.28454700112342834,-0.03201499953866005,1,0.9879119992256165,-0.004580018576234579,-0.15494783222675323,0,0.035670991986989975,0.9794549942016602,0.19848205149173737,0,0.15085484087467194,-0.2016100436449051,0.9677789807319641,0,0,0.3340660035610199,0,1,0.9879119992256165,-0.004580018576234579,-0.15494783222675323,0,0.035670991986989975,0.9794549942016602,0.19848205149173737,0,0.15085583925247192,-0.2016100436449051,0.9677789807319641,0,0,0.38179001212120056,0,1,0.9998940229415894,0.006244031246751547,0.013172815553843975,0,-0.006586027797311544,0.9996389746665955,0.026049697771668434,0,-0.013004817068576813,-0.026133695617318153,0.9995740056037903,0,0,0.42951399087905884,0,1,0.9339379668235779,-0.04601128026843071,-0.3544621169567108,0,0.01121225580573082,0.9949629902839661,-0.0996110811829567,0,0.357260137796402,0.08905597031116486,0.9297489523887634,0,0,0.2276429980993271,0.060318998992443085,1,-0.04981411248445511,0.02429998852312565,-0.998462975025177,0,0.9353009462356567,-0.34952512383461,-0.055170100182294846,0,-0.35032913088798523,-0.9366119503974915,-0.005316941998898983,0,0.16997399926185608,0.3685550093650818,-0.008461999706923962,1,0.9804069995880127,-0.07094639539718628,0.18376494944095612,0,-0.09571465849876404,0.6437881588935852,0.7591938972473145,0,-0.17216730117797852,-0.7619077563285828,0.6243831515312195,0,0,0.36368298530578613,0,1,0.6363072991371155,0.7676026225090027,-0.07680772989988327,0,-0.7629485726356506,0.6409082412719727,0.08452961593866348,0,0.1141115128993988,0.004813106264919043,0.9934560656547546,0,0,0.7414150238037109,0,1,0.9410619735717773,-0.16523699462413788,-0.29512494802474976,0,0.08460909128189087,0.9598100781440735,-0.26759275794029236,0,0.32747989892959595,0.22685076296329498,0.9172210693359375,0,0,0.7164419889450073,0,1,0.9733389616012573,0.22496037185192108,-0.04477857053279877,0,-0.1683565229177475,0.8332548141479492,0.5266340374946594,0,0.15578386187553406,-0.5050541162490845,0.8489119410514832,0,-0.05294099822640419,0.08002900332212448,0.06036200001835823,1,0.9273790121078491,0.37404996156692505,0.007431999314576387,0,-0.3738969564437866,0.9273250102996826,-0.01641201600432396,0,-0.013031005859375,0.01244201697409153,0.9998379945755005,0,-0.024449000135064125,0.08733200281858444,0,1,0.9977080225944519,0.06758999824523926,0.0031709999311715364,0,-0.06758899986743927,0.997713029384613,-0.0005709999823011458,0,-0.0032019999343901873,0.0003549999964889139,0.9999949932098389,0,0.010323000140488148,0.09297499805688858,0,1,0.9463919997215271,0.32229894399642944,0.02159804478287697,0,-0.32235097885131836,0.946619987487793,-0.001119833905249834,0,-0.02080599032342434,-0.005902170669287443,0.9997659921646118,0,-0.1271979957818985,0.3301219940185547,-0.00661400007084012,1,0.9955940246582031,-0.09315099567174911,-0.01073599886149168,0,0.09233799576759338,0.9540600180625916,0.2850310802459717,0,-0.016308007761836052,-0.2847670912742615,0.9584580063819885,0,0.004093000199645758,0.08040200173854828,0,1,0.9995290040969849,-0.030548999086022377,0.0028750000055879354,0,0.03054800070822239,0.9995329976081848,0.00014000000373926014,0,-0.0028780000284314156,-0.00005199999941396527,0.9999960064888,0,-0.0012730000307783484,0.07176800072193146,0,1,0.9984130263328552,0.05072517320513725,0.024463031440973282,0,-0.05412517488002777,0.9842879772186279,0.16806906461715698,0,-0.015552998520433903,-0.16912606358528137,0.9854720234870911,0,-0.04712500050663948,0.29318100214004517,-0.022520000115036964,1,0.996649980545044,-0.08094700425863266,-0.011694999411702156,0,0.07957001030445099,0.926581084728241,0.3675808906555176,0,-0.0189179927110672,-0.36727988719940186,0.9299180507659912,0,0.006639999803155661,0.09613300114870071,0,1,0.9990479946136475,-0.043170999735593796,0.006324999965727329,0,0.04316899925470352,0.999068021774292,0.0004039999912492931,0,-0.00633700005710125,-0.00013000000035390258,0.9999799728393555,0,-0.0018439999548718333,0.08786199986934662,0,1,0.9965350031852722,-0.06585986912250519,0.050789035856723785,0,0.037793874740600586,0.902582049369812,0.4288548529148102,0,-0.07408496737480164,-0.42544984817504883,0.9019440412521362,0,0.053543999791145325,0.29100799560546875,-0.019807999953627586,1,0.994937002658844,-0.09660899639129639,-0.027697991579771042,0,0.09687000513076782,0.8484491109848022,0.5203367471694946,0,-0.026768984273076057,-0.5203857421875,0.8535121083259583,0,0.005867999978363514,0.07867699861526489,0,1,0.9999060034751892,-0.013593999668955803,0.0016509999986737967,0,0.013593999668955803,0.9999079704284668,0.00008499999967170879,0,-0.00165200000628829,-0.00006299999949987978,0.9999989867210388,0,-0.0028119999915361404,0.07310599833726883,0,1,0.9970089793205261,-0.07277694344520569,0.026026995852589607,0,0.05196796730160713,0.8804631233215332,0.471257746219635,0,-0.0572129562497139,-0.4684957265853882,0.8816111087799072,0,0.12077999860048294,0.2229979932308197,-0.00686099985614419,1,0.994359016418457,-0.09232200682163239,-0.05221898853778839,0,0.10462401062250137,0.7728281021118164,0.6259317994117737,0,-0.017430990934371948,-0.6278638243675232,0.778127133846283,0,0.007691000122576952,0.058476999402046204,0,1,0.9997209906578064,-0.02361699938774109,0.00031999999191612005,0,0.02361699938774109,0.9997209906578064,0.00002700000004551839,0,-0.00031999999191612005,-0.000019999999494757503,1,0,-0.0036830001045018435,0.057537999004125595,0,1,0.11514373868703842,-0.024535994976758957,0.9930459856987,0,-0.911867082118988,-0.39913395047187805,0.0958697721362114,0,0.39400598406791687,-0.9165639877319336,-0.06833089143037796,0,-0.16997399926185608,0.3681989908218384,-0.005295000039041042,1,0.8999931812286377,0.434234619140625,-0.03810809925198555,0,-0.2892377972602844,0.6602964997291565,0.6930726170539856,0,0.32611966133117676,-0.6127387881278992,0.7198593616485596,0,0,0.36368298530578613,0,1,0.7372283339500427,-0.6701037287712097,-0.08634767681360245,0,0.6747166514396667,0.7234863638877869,0.14603203535079956,0,-0.03538539260625839,-0.1659187525510788,0.9855039715766907,0,0,0.7402600049972534,0,1,0.9802960157394409,-0.07071571052074432,0.18444404006004333,0,0.021290747448801994,0.9661100506782532,0.2572517991065979,0,-0.1963849663734436,-0.24825584888458252,0.9485790729522705,0,0,0.715919017791748,0,1,0.9434968829154968,-0.256546288728714,-0.20975711941719055,0,0.3225723206996918,0.8559859395027161,0.4040238857269287,0,0.07589799910783768,-0.44885697960853577,0.8903740048408508,0,0.05251700058579445,0.0796549990773201,0.05785299837589264,1,0.9997590184211731,-0.008103343658149242,-0.020418979227542877,0,0.006551345344632864,0.9971659779548645,-0.07494895160198212,0,0.020969003438949585,0.07479795068502426,0.9969779849052429,0,0.021980000659823418,0.08651500195264816,0,1,0.9979779720306396,-0.05693599954247475,-0.02823599986732006,0,0.05683000013232231,0.9983729720115662,-0.004573000129312277,0,0.028450999408960342,0.0029589999467134476,0.9995909929275513,0,-0.009847999550402164,0.09419199824333191,0,1,0.9900640249252319,-0.13524912297725677,-0.03849703073501587,0,0.13633112609386444,0.9902949929237366,0.027027122676372528,0,0.03446800634264946,-0.0320071317255497,0.9988930225372314,0,0.12092000246047974,0.31066200137138367,-0.010487999767065048,1,0.99617600440979,0.08649100363254547,0.012355000711977482,0,-0.08632899820804596,0.9526529908180237,0.29154807329177856,0,0.013446003198623657,-0.291500061750412,0.9564759731292725,0,-0.0020759999752044678,0.08308299630880356,0,1,0.9993669986724854,-0.03557800129055977,0.0008580000139772892,0,0.03557800129055977,0.9993669986724854,0.000004999999873689376,0,-0.0008580000139772892,0.00002499999936844688,1,0,0.002429000101983547,0.08299700170755386,0,1,0.9900490045547485,-0.12649904191493988,-0.061645012348890305,0,0.13501404225826263,0.9773889780044556,0.16273504495620728,0,0.03966499865055084,-0.16943804919719696,0.9847419857978821,0,0.039987001568078995,0.308353990316391,-0.017412999644875526,1,0.996055006980896,0.08710501343011856,0.01697099581360817,0,-0.08401501178741455,0.8639931678771973,0.4964447319507599,0,0.028580984100699425,-0.49591273069381714,0.8679021596908569,0,-0.0051739998161792755,0.08614300191402435,0,1,0.9999520182609558,0.009734000079333782,-0.0011480000102892518,0,-0.009734000079333782,0.9999529719352722,0.000045000000682193786,0,0.0011480000102892518,-0.00003400000059627928,0.9999989867210388,0,0.0024939998984336853,0.08588500320911407,0,1,0.9982309937477112,-0.05560797080397606,-0.02102798968553543,0,0.0593789666891098,0.95004802942276,0.3064029812812805,0,0.0029390014242380857,-0.30710896849632263,0.9516699910163879,0,-0.044840000569820404,0.2629069983959198,-0.015855999663472176,1,0.996969997882843,0.07403701543807983,0.023871997371315956,0,-0.07369501888751984,0.800669252872467,0.5945577025413513,0,0.024905981495976448,-0.5945147275924683,0.803699254989624,0,-0.00725799985229969,0.08541399985551834,0,1,0.999019980430603,0.043333999812603,-0.009046000428497791,0,-0.04332999885082245,0.9990609884262085,0.0006549999816343188,0,0.009065999649465084,-0.00026199998683296144,0.9999589920043945,0,0.002257999964058399,0.07964599877595901,0,1,0.9997569918632507,-0.01371987909078598,-0.01727493293583393,0,0.018740862607955933,0.941321074962616,0.3369918465614319,0,0.011637977324426174,-0.33723384141921997,0.9413490891456604,0,-0.11606699973344803,0.21008899807929993,-0.011547000147402287,1,0.9983699917793274,0.04290401563048363,0.03764299303293228,0,-0.05707300454378128,0.7578491568565369,0.6499287486076355,0,-0.000643000821582973,-0.6510177850723267,0.7590621709823608,0,-0.0071840002201497555,0.0709180012345314,0,1,0.9997360110282898,0.022512000054121017,-0.004631999880075455,0,-0.02251099981367588,0.9997469782829285,0.00035799999022856355,0,0.004639000166207552,-0.0002530000056140125,0.9999889731407166,0,0.0032259998843073845,0.05860700085759163,0,1,-0.9751260876655579,-0.13715890049934387,0.1741148829460144,0,0.19952392578125,-0.8853026628494263,0.4200347363948822,0,0.09653278440237045,0.4443267285823822,0.8906486630439758,0,0.2560949921607971,-0.15797199308872223,-0.040674999356269836,1,0.9752850532531738,-0.07700794190168381,-0.20709474384784698,0,-0.07040299475193024,0.7801276445388794,-0.6216464638710022,0,0.2094317227602005,0.6208624839782715,0.7554256916046143,0,0,1.3753329515457153,0,1,0.9359490275382996,-0.014940020628273487,0.3518180251121521,0,-0.298753023147583,0.4951818883419037,0.815807044506073,0,-0.18640197813510895,-0.8686610460281372,0.4590018689632416,0,0,1.2331180572509766,0,1,0.9734629392623901,-0.046648044139146805,0.22403915226459503,0,-0.09787500649690628,0.8000780940055847,0.5918578505516052,0,-0.20685715973377228,-0.5980798006057739,0.7742810845375061,0,0,0.4137510061264038,0,1,-0.9485400319099426,0.20254598557949066,-0.24340587854385376,0,-0.2205301821231842,-0.97416090965271,0.04876295477151871,0,-0.2272396683692932,0.09993192553520203,0.9686979651451111,0,-0.2560949921607971,-0.15797199308872223,-0.039340000599622726,1,0.9816269874572754,-0.14994102716445923,-0.11801094561815262,0,0.04557790607213974,0.784819483757019,-0.6180465817451477,0,0.18528801202774048,0.6013116240501404,0.7772334814071655,0,0,1.3753269910812378,0,1,0.9057689905166626,0.264393150806427,-0.3311779797077179,0,0.24112600088119507,0.32110780477523804,0.9158320426940918,0,0.348484069108963,-0.90938800573349,0.2270977795124054,0,0,1.2327829599380493,0,1,0.9645990133285522,0.007800981402397156,-0.26360398530960083,0,0.14700601994991302,0.8139520287513733,0.5620239973068237,0,0.2189449816942215,-0.5808789730072021,0.7839909791946411,0,0,0.41258499026298523,0,1
