2.767,30,83,65
B0,mixamorig_Hips,-1,0.9970298409461975,-0.018595365807414055,0.07472660392522812,0,0.015319879166781902,0.9989045858383179,0.04418594390153885,0,-0.07546670734882355,-0.04291032627224922,0.9962224960327148,0,-0.005055020097643137,2.9740402698516846,-0.015917377546429634,1
B1,mixamorig_Spine,0,0.9994992017745972,0.02676752582192421,0.01685504987835884,0,-0.02440010942518711,0.9915077686309814,-0.1277337670326233,0,-0.02013118378818035,0.1272587925195694,0.9916651248931885,0,0,0.28454700112342834,-0.03201499953866005,1
B2,mixamorig_Spine1,1,0.999790370464325,0.014789286069571972,0.014159181155264378,0,-0.014400009997189045,0.9995266199111938,-0.02718760445713997,0,-0.014554525725543499,0.026977431029081345,0.9995301365852356,0,0,0.3340660035610199,0,1
B3,mixamorig_Spine2,2,0.9997933506965637,0.015255596488714218,0.01344442367553711,0,-0.014884802512824535,0.9995176196098328,-0.02725343033671379,0,-0.01385352574288845,0.027047742158174515,0.9995381236076355,0,0,0.38179001212120056,0,1
B4,mixamorig_Neck,3,0.9989744424819946,-0.033684562891721725,-0.030226193368434906,0,0.034820735454559326,0.998674750328064,0.037882864475250244,0,0.02891077846288681,-0.038896311074495316,0.9988243579864502,0,0,0.42951399087905884,0,1
B5,mixamorig_Head,4,0.9955596923828125,-0.024965474382042885,-0.09064628183841705,0,0.03139561042189598,0.9970299601554871,0.07000173628330231,0,0.08861071616411209,-0.07254720479249954,0.9933972358703613,0,0,0.2276429980993271,0.060318998992443085,1
B6,mixamorig_HeadTop_End,5,1,0,0,0,0,1,0,0,0,0,1,0,0,0.6589959859848022,0.17461499571800232,1
B7,mixamorig_LeftShoulder,3,-0.232380211353302,-0.03331428021192551,-0.972053587436676,0,0.9340564608573914,-0.2862893044948578,-0.21348486840724945,0,-0.27117687463760376,-0.9575635194778442,0.09764602035284042,0,0.16997399926185608,0.3685550093650818,-0.008461999706923962,1
B8,mixamorig_LeftArm,7,0.16615785658359528,0.8841155767440796,-0.43671807646751404,0,-0.21652589738368988,0.46477410197257996,0.8585427403450012,0,0.962029755115509,-0.04809209331870079,0.2686557173728943,0,0,0.36368298530578613,0,1
B9,mixamorig_LeftForeArm,8,0.9226559400558472,0.38556164503097534,0.006128694862127304,0,-0.3855189085006714,0.9219741821289062,0.03643687441945076,0,0.008399419486522675,-0.03598104789853096,0.9993172287940979,0,0,0.7414150238037109,0,1
B10,mixamorig_LeftHand,9,0.875355064868927,-0.31695201992988586,0.3650655448436737,0,0.2766895592212677,0.9476560354232788,0.1593339443206787,0,-0.39646053314208984,-0.038467418402433395,0.9172322750091553,0,0,0.7164419889450073,0,1
B11,mixamorig_LeftHandThumb1,10,0.9726759791374207,-0.06161800026893616,0.22384299337863922,0,-0.00443999981507659,0.9590250253677368,0.2832860052585602,0,-0.23212599754333496,-0.27653977274894714,0.9325469732284546,0,-0.05294099822640419,0.08002900332212448,0.06036200001835823,1
B12,mixamorig_LeftHandThumb2,11,0.9975169897079468,0.06917600333690643,0.013214999809861183,0,-0.06824800372123718,0.9957979917526245,-0.06106099858880043,0,-0.017383242025971413,0.0600069984793663,0.9980469942092896,0,-0.024449000135064125,0.08733200281858444,0,1
B13,mixamorig_LeftHandThumb3,12,0.9995229840278625,-0.030199000611901283,-0.006519000045955181,0,0.029688000679016113,0.9972530007362366,-0.06785999983549118,0,0.008550000376999378,0.06763400137424469,0.9976739883422852,0,0.010323000140488148,0.09297499805688858,0,1
B14,mixamorig_LeftHandThumb4,13,1,0,0,0,0,1,0,0,0,0,1,0,0.014125999994575977,0.07835999876260757,0,1
B15,mixamorig_LeftHandIndex1,10,0.9886569976806641,0.1486160010099411,0.021678000688552856,0,-0.14851899445056915,0.9459599852561951,0.28827300667762756,0,0.022336000576615334,-0.2882227599620819,0.957302987575531,0,-0.1271979957818985,0.3301219940185547,-0.00661400007084012,1
B16,mixamorig_LeftHandIndex2,15,0.9955809712409973,-0.09357175976037979,-0.007897758856415749,0,0.09366899728775024,0.9836249947547913,0.1539739966392517,0,-0.006639241240918636,-0.15403300523757935,0.9880430102348328,0,0.004093000199645758,0.08040200173854828,0,1
B17,mixamorig_LeftHandIndex3,16,0.9990699887275696,-0.04309000074863434,-0.0013770000077784061,0,0.043067242950201035,0.9960740208625793,0.0773480013012886,0,-0.001961758593097329,-0.07733500003814697,0.9970030188560486,0,-0.0012730000307783484,0.07176800072193146,0,1
B18,mixamorig_LeftHandIndex4,17,1,0,0,0,0,1,0,0,0,0,1,0,-0.002819000044837594,0.0575300008058548,0,1
B19,mixamorig_LeftHandMiddle1,10,0.9861220121383667,0.15987800061702728,0.04474399983882904,0,-0.16598300635814667,0.9436399936676025,0.2863439917564392,0,0.003558000084012747,-0.28979700803756714,0.9570819735527039,0,-0.04712500050663948,0.29318100214004517,-0.022520000115036964,1
B20,mixamorig_LeftHandMiddle2,19,0.9932039976119995,-0.11566576361656189,-0.012924999929964542,0,0.11627475917339325,0.9812639951705933,0.1536259949207306,0,-0.005086999852210283,-0.15408499538898468,0.988044023513794,0,0.006639999803155661,0.09613300114870071,0,1
B21,mixamorig_LeftHandMiddle3,20,0.9983720183372498,-0.0570329986512661,0.0008759999764151871,0,0.05679500102996826,0.9953849911689758,0.07734899967908859,0,-0.005282999947667122,-0.07717300206422806,0.997003972530365,0,-0.0018439999548718333,0.08786199986934662,0,1
B22,mixamorig_LeftHandMiddle4,21,1,0,0,0,0,1,0,0,0,0,1,0,-0.004796000197529793,0.07533500343561172,0,1
B23,mixamorig_LeftHandRing1,10,0.9850209951400757,0.1615229994058609,0.0603719986975193,0,-0.17209500074386597,0.9428650140762329,0.285288006067276,0,-0.010842000134289265,-0.29140400886535645,0.9565389752388,0,0.053543999791145325,0.29100799560546875,-0.019807999953627586,1
B24,mixamorig_LeftHandRing2,23,0.9898139834403992,-0.1415017545223236,-0.015668999403715134,0,0.14222800731658936,0.9779890179634094,0.15267199277877808,0,-0.006279241293668747,-0.1533460021018982,0.9881529808044434,0,0.005867999978363514,0.07867699861526489,0,1
B25,mixamorig_LeftHandRing3,24,0.9995959997177124,-0.028271999210119247,-0.0029090000316500664,0,0.028411999344825745,0.9966350197792053,0.07688099890947342,0,0.0007259999983943999,-0.07693299651145935,0.9970359802246094,0,-0.0028119999915361404,0.07310599833726883,0,1
B26,mixamorig_LeftHandRing4,25,1,0,0,0,0,1,0,0,0,0,1,0,-0.0030559999868273735,0.05968699976801872,0,1
B27,mixamorig_LeftHandPinky1,10,0.9870790243148804,0.1589750051498413,0.020040757954120636,0,-0.1582617610692978,0.9477199912071228,0.27709275484085083,0,0.025057999417185783,-0.2766839861869812,0.9606339931488037,0,0.12077999860048294,0.2229979932308197,-0.00686099985614419,1
B28,mixamorig_LeftHandPinky2,27,0.9889370203018188,-0.14484275877475739,-0.031998999416828156,0,0.14814800024032593,0.975271999835968,0.16400299966335297,0,0.0074537587352097034,-0.16692900657653809,0.9859409928321838,0,0.007691000122576952,0.058476999402046204,0,1
B29,mixamorig_LeftHandPinky3,28,0.9993879795074463,-0.03428500145673752,-0.006909999996423721,0,0.03471624106168747,0.9964069724082947,0.07724999636411667,0,0.004236999899148941,-0.0774419978260994,0.9969879984855652,0,-0.0036830001045018435,0.057537999004125595,0,1
B30,mixamorig_LeftHandPinky4,29,1,0,0,0,0,1,0,0,0,0,1,0,-0.004009000025689602,0.04541200026869774,0,1
B31,mixamorig_RightShoulder,3,0.09320244193077087,-0.06282273679971695,0.9936631917953491,0,-0.9769494533538818,-0.19827288389205933,0.07909874618053436,0,0.1920468807220459,-0.9781317114830017,-0.0798545777797699,0,-0.16997399926185608,0.3681989908218384,-0.005295000039041042,1
B32,mixamorig_RightArm,31,0.8474406003952026,-0.5289227366447449,0.022666985169053078,0,0.3281679153442383,0.5595263242721558,0.7601918578147888,0,-0.4148164391517639,-0.6380956172943115,0.6477009654045105,0,0,0.36368298530578613,0,1
B33,mixamorig_RightForeArm,32,0.4281298518180847,-0.9006037712097168,-0.05161571130156517,0,0.9004915952682495,0.42329683899879456,0.08340097218751907,0,-0.053535573184490204,-0.08218555897474289,0.9951657652854919,0,0,0.7402600049972534,0,1
B34,mixamorig_RightHand,33,0.9563327431678772,0.2897941470146179,-0.015450372360646725,0,-0.28997164964675903,0.954714298248291,-0.05404502525925636,0,-0.001459562685340643,0.05572151020169258,0.9981951713562012,0,0,0.715919017791748,0,1
B35,mixamorig_RightHandThumb1,34,0.9875407218933105,0.15476499497890472,-0.023526109755039215,0,-0.13774794340133667,0.9286267161369324,0.34354326128959656,0,0.07512198388576508,-0.33606839179992676,0.9383659958839417,0,0.05251700058579445,0.0796549990773201,0.05785299837589264,1
B36,mixamorig_RightHandThumb2,35,0.9834489822387695,-0.1808072328567505,-0.011695999652147293,0,0.18070200085639954,0.9834920167922974,-0.00953499972820282,0,0.013226999901235104,0.0072639998979866505,0.9998859763145447,0,0.021980000659823418,0.08651500195264816,0,1
B37,mixamorig_RightHandThumb3,36,0.997277021408081,-0.07057499885559082,-0.021407999098300934,0,0.0695590004324913,0.9965639710426331,-0.044957999140024185,0,0.02450699917972088,0.04334700107574463,0.9987589716911316,0,-0.009847999550402164,0.09419199824333191,0,1
B38,mixamorig_RightHandThumb4,37,1,0,0,0,0,1,0,0,0,0,1,0,-0.012133000418543816,0.0746849998831749,0,1
B39,mixamorig_RightHandIndex1,34,0.9944854974746704,-0.10320104658603668,-0.018211329355835915,0,0.10452322661876678,0.964492678642273,0.2413490265607834,0,-0.007246191613376141,-0.24193279445171356,0.969975471496582,0,0.12092000246047974,0.31066200137138367,-0.010487999767065048,1
B40,mixamorig_RightHandIndex2,39,0.9966861009597778,0.08093644678592682,0.006468167994171381,0,-0.08093050867319107,0.9837145805358887,0.15791738033294678,0,0.0065550003200769424,-0.15791456401348114,0.9870284795761108,0,-0.0020759999752044678,0.08308299630880356,0,1
B41,mixamorig_RightHandIndex3,40,0.9997550249099731,-0.02196800708770752,0.0008856158819980919,0,0.021827802062034607,0.9965089559555054,0.0793047770857811,0,-0.002590611344203353,-0.07926749438047409,0.996749997138977,0,0.002429000101983547,0.08299700170755386,0,1
B42,mixamorig_RightHandIndex4,41,1,0,0,0,0,1,0,0,0,0,1,0,-0.0003530000103637576,0.05992899835109711,0,1
B43,mixamorig_RightHandMiddle1,34,0.990145742893219,-0.13189707696437836,-0.046815089881420135,0,0.1393103301525116,0.9605882167816162,0.23934458196163177,0,0.013508911244571209,-0.2435207962989807,0.9695132970809937,0,0.039987001568078995,0.308353990316391,-0.017412999644875526,1
B44,mixamorig_RightHandMiddle2,43,0.9928750991821289,0.11843221634626389,0.01199340634047985,0,-0.11881577223539352,0.9799835681915283,0.1571565568447113,0,0.007006986066699028,-0.15745343267917633,0.9871018528938293,0,-0.0051739998161792755,0.08614300191402435,0,1
B45,mixamorig_RightHandMiddle3,44,0.9996911883354187,0.024586433544754982,0.0025338272098451853,0,-0.02471456676721573,0.9964624643325806,0.07903797924518585,0,-0.0005439568776637316,-0.07907763868570328,0.9967690706253052,0,0.0024939998984336853,0.08588500320911407,0,1
B46,mixamorig_RightHandMiddle4,45,1,0,0,0,0,1,0,0,0,0,1,0,0.00267999991774559,0.06950999796390533,0,1
B47,mixamorig_RightHandRing1,34,0.9864217638969421,-0.15717001259326935,-0.04739682003855705,0,0.16397425532341003,0.9568830132484436,0.23856189846992493,0,0.007963703945279121,-0.24310654401779175,0.9696779251098633,0,-0.044840000569820404,0.2629069983959198,-0.015855999663472176,1
B48,mixamorig_RightHandRing2,47,0.9898242950439453,0.14075906574726105,0.020235132426023483,0,-0.14215263724327087,0.97688227891922,0.15708743035793304,0,0.0024815071374177933,-0.15835370123386383,0.9869769811630249,0,-0.00725799985229969,0.08541399985551834,0,1
B49,mixamorig_RightHandRing3,48,0.9983336329460144,0.057578057050704956,-0.002732504392042756,0,-0.057186853140592575,0.9950764775276184,0.07968318462371826,0,0.007342836819589138,-0.07939532399177551,0.9967166781425476,0,0.002257999964058399,0.07964599877595901,0,1
B50,mixamorig_RightHandRing4,49,1,0,0,0,0,1,0,0,0,0,1,0,0.004999999888241291,0.06913899630308151,0,1
B51,mixamorig_RightHandPinky1,34,0.9836094379425049,-0.1707797646522522,-0.057623982429504395,0,0.17966149747371674,0.9544216394424438,0.23712389171123505,0,0.014610152691602707,-0.2436029016971588,0.9694770574569702,0,-0.11606699973344803,0.21008899807929993,-0.011547000147402287,1
B52,mixamorig_RightHandPinky2,51,0.9828917384147644,0.18244335055351257,0.02471451461315155,0,-0.18402397632598877,0.9699959754943848,0.1562904566526413,0,0.00468283100053668,-0.15815001726150513,0.9870024919509888,0,-0.0071840002201497555,0.0709180012345314,0,1
B53,mixamorig_RightHandPinky3,52,0.9993127584457397,0.036900609731674194,0.00206211325712502,0,-0.03695939853787422,0.9960663318634033,0.07926587760448456,0,0.0009074392728507519,-0.07928960025310516,0.9967516660690308,0,0.0032259998843073845,0.05860700085759163,0,1
B54,mixamorig_RightHandPinky4,53,1,0,0,0,0,1,0,0,0,0,1,0,0.003957999870181084,0.0517750009894371,0,1
B55,mixamorig_LeftUpLeg,0,-0.9691975712776184,-0.09938062727451324,0.22533974051475525,0,0.15166538953781128,-0.9617313146591187,0.2281823605298996,0,0.19404096901416779,0.25533077120780945,0.9471800923347473,0,0.2560949921607971,-0.15797199308872223,-0.040674999356269836,1
B56,mixamorig_LeftLeg,55,0.9764893054962158,0.1689804047346115,0.13384072482585907,0,-0.10898367315530777,0.9226934909820557,-0.36981022357940674,0,-0.18598462641239166,0.34652939438819885,0.9194167256355286,0,0,1.3753329515457153,0,1
B57,mixamorig_LeftFoot,56,0.9302654266357422,-0.059209421277046204,0.36207833886146545,0,-0.26779305934906006,0.565009355545044,0.7804171442985535,0,-0.25078538060188293,-0.8229568600654602,0.509752631187439,0,0,1.2331180572509766,0,1
B58,mixamorig_LeftToeBase,57,0.967831015586853,0,0.25160300731658936,0,-0.141402006149292,0.8271350264549255,0.5439239740371704,0,-0.2081100046634674,-0.5620030164718628,0.8005269765853882,0,0,0.4137510061264038,0,1
B59,mixamorig_LeftToe_End,58,1,0,0,0,0,1,0,0,0,0,1,0,0,0.16649700701236725,0,1
B60,mixamorig_RightUpLeg,0,-0.9085577130317688,0.0060092490166425705,-0.4177168905735016,0,-0.09847410768270493,-0.9748007655143738,0.2001628577709198,0,-0.40598827600479126,0.2229938507080078,0.8862535953521729,0,-0.2560949921607971,-0.15797199308872223,-0.039340000599622726,1
B61,mixamorig_RightLeg,60,0.9771931767463684,-0.08016890287399292,0.1966370791196823,0,0.14813393354415894,0.9208293557167053,-0.36073341965675354,0,-0.1521495133638382,0.38163527846336365,0.9117044806480408,0,0,1.3753269910812378,0,1
B62,mixamorig_RightFoot,61,0.9398272037506104,0.01955002173781395,-0.3410862982273102,0,0.29097095131874084,0.47741445899009705,0.8291025161743164,0,0.17904871702194214,-0.8784595131874084,0.44299858808517456,0,0,1.2327829599380493,0,1
B63,mixamorig_RightToeBase,62,0.968904972076416,0,-0.24743199348449707,0,0.13946600258350372,0.82600998878479,0.5461289882659912,0,0.20438100397586823,-0.5636559724807739,0.8003249764442444,0,0,0.41258499026298523,0,1
B64,mixamorig_RightToe_End,63,1,0,0,0,0,1,0,0,0,0,1,0,0,0.16634300351142883,0,1
@52,0,1,2,3,4,5,7,8,9,10,11,12,13,15,16,17,19,20,21,23,24,25,27,28,29,31,32,33,34,35,36,37,39,40,41,43,44,45,47,48,49,51,52,53,55,56,57,58,60,61,62,63
K0.000,0.9929550290107727,-0.02600100077688694,0.11560799926519394,0,0.01588200032711029,0.9960280060768127,0.08760900050401688,0,-0.11742600053548813,-0.08515600115060806,0.9894239902496338,0,-0.0042050001211464405,2.9731509685516357,0.030440999194979668,1,0.9995269775390625,0.025812000036239624,0.01673099957406521,0,-0.023476000875234604,0.9915800094604492,-0.1273459941148758,0,-0.019876999780535698,0.12689299881458282,0.9917169809341431,0,0,0.28454700112342834,-0.03201499953866005,1,0.999796986579895,0.014276999980211258,0.014213000424206257,0,-0.013913000002503395,0.9995819926261902,-0.02535099908709526,0,-0.014569000340998173,0.025148000568151474,0.9995779991149902,0,0,0.3340660035610199,0,1,0.9998000264167786,0.014709999784827232,0.013550999574363232,0,-0.014361999928951263,0.9995740056037903,-0.02542000077664852,0,-0.013918999582529068,0.025219999253749847,0.999584972858429,0,0,0.38179001212120056,0,1,0.9991099834442139,-0.02733599953353405,-0.03211800009012222,0,0.02735700085759163,0.9996259808540344,0.00023700000019744039,0,0.03209900110960007,-0.0011159999994561076,0.9994840025901794,0,0,0.42951399087905884,0,1,0.9935640096664429,-0.010199000127613544,-0.11281199753284454,0,0.008334999904036522,0.9998210072517395,-0.016983000561594963,0,0.11296500265598297,0.015932999551296234,0.9934710264205933,0,0,0.2276429980993271,0.060318998992443085,1,-0.24663600325584412,-0.034616999328136444,-0.9684900045394897,0,0.9273880124092102,-0.2984989881515503,-0.22550000250339508,0,-0.2812870144844055,-0.9537820219993591,0.10572399944067001,0,0.16997399926185608,0.3685550093650818,-0.008461999706923962,1,0.17005300521850586,0.8768380284309387,-0.4497080147266388,0,-0.2423979938030243,0.4795539975166321,0.8433690071105957,0,0.9551569819450378,-0.03440900146961212,0.2940930128097534,0,0,0.36368298530578613,0,1,0.914355993270874,0.4048520028591156,0.006912999786436558,0,-0.4048070013523102,0.9136009812355042,0.03825899958610535,0,0.009173999540507793,-0.0377810001373291,0.999243974685669,0,0,0.7414150238037109,0,1,0.8696309924125671,-0.3252289891242981,0.37143999338150024,0,0.285084992647171,0.9450500011444092,0.16002300381660461,0,-0.4030739963054657,-0.0332689993083477,0.9145619869232178,0,0,0.7164419889450073,0,1,0.9726759791374207,-0.06161800026893616,0.22384199500083923,0,-0.00443999981507659,0.9590250253677368,0.2832860052585602,0,-0.23212599754333496,-0.27653899788856506,0.9325469732284546,0,-0.05294099822640419,0.08002900332212448,0.06036200001835823,1,0.9975169897079468,0.06917600333690643,0.013214999809861183,0,-0.06824800372123718,0.9957979917526245,-0.06106099858880043,0,-0.017382999882102013,0.0600069984793663,0.9980469942092896,0,-0.024449000135064125,0.08733200281858444,0,1,0.9995229840278625,-0.030199000611901283,-0.006519000045955181,0,0.029688000679016113,0.9972530007362366,-0.06785999983549118,0,0.008550000376999378,0.06763400137424469,0.9976739883422852,0,0.010323000140488148,0.09297499805688858,0,1,0.9886569976806641,0.1486160010099411,0.021678000688552856,0,-0.14851899445056915,0.9459599852561951,0.2882719933986664,0,0.022336000576615334,-0.28822198510169983,0.957302987575531,0,-0.1271979957818985,0.3301219940185547,-0.00661400007084012,1,0.9955809712409973,-0.0935709998011589,-0.007898000068962574,0,0.09366899728775024,0.9836249947547913,0.1539739966392517,0,-0.006639000028371811,-0.15403300523757935,0.9880430102348328,0,0.004093000199645758,0.08040200173854828,0,1,0.9990699887275696,-0.04309000074863434,-0.0013770000077784061,0,0.043067000806331635,0.9960740208625793,0.0773480013012886,0,-0.001961000030860305,-0.07733500003814697,0.9970030188560486,0,-0.0012730000307783484,0.07176800072193146,0,1,0.9861220121383667,0.15987800061702728,0.04474399983882904,0,-0.16598300635814667,0.9436399936676025,0.2863439917564392,0,0.003558000084012747,-0.28979700803756714,0.9570819735527039,0,-0.04712500050663948,0.29318100214004517,-0.022520000115036964,1,0.9932039976119995,-0.11566600203514099,-0.012924999929964542,0,0.11627399921417236,0.9812639951705933,0.15362699329853058,0,-0.005086999852210283,-0.15408599376678467,0.988044023513794,0,0.006639999803155661,0.09613300114870071,0,1,0.9983720183372498,-0.0570329986512661,0.0008759999764151871,0,0.05679500102996826,0.9953849911689758,0.07734899967908859,0,-0.005282999947667122,-0.07717300206422806,0.997003972530365,0,-0.0018439999548718333,0.08786199986934662,0,1,0.9850209951400757,0.1615229994058609,0.0603719986975193,0,-0.17209500074386597,0.9428650140762329,0.2852869927883148,0,-0.010842000134289265,-0.29140400886535645,0.9565389752388,0,0.053543999791145325,0.29100799560546875,-0.019807999953627586,1,0.9898139834403992,-0.1415019929409027,-0.015668999403715134,0,0.14222800731658936,0.9779890179634094,0.15267300605773926,0,-0.0062790000811219215,-0.1533460021018982,0.9881529808044434,0,0.005867999978363514,0.07867699861526489,0,1,0.9995959997177124,-0.028271999210119247,-0.0029090000316500664,0,0.028411999344825745,0.9966350197792053,0.07688099890947342,0,0.0007259999983943999,-0.07693299651145935,0.9970359802246094,0,-0.0028119999915361404,0.07310599833726883,0,1,0.9870790243148804,0.1589750051498413,0.0200399998575449,0,-0.1582610011100769,0.9477199912071228,0.27709200978279114,0,0.025057999417185783,-0.2766839861869812,0.9606339931488037,0,0.12077999860048294,0.2229979932308197,-0.00686099985614419,1,0.9889370203018188,-0.1448429971933365,-0.031998999416828156,0,0.14814800024032593,0.975271999835968,0.16400299966335297,0,0.007453000172972679,-0.16693000495433807,0.9859409928321838,0,0.007691000122576952,0.058476999402046204,0,1,0.9993879795074463,-0.03428500145673752,-0.006909999996423721,0,0.034717001020908356,0.9964069724082947,0.07724999636411667,0,0.004236999899148941,-0.0774419978260994,0.9969879984855652,0,-0.0036830001045018435,0.057537999004125595,0,1,0.09002300351858139,-0.06213400140404701,0.9940000176429749,0,-0.9725580215454102,-0.22047999501228333,0.07429900020360947,0,0.2145410031080246,-0.9734100103378296,-0.08027700334787369,0,-0.16997399926185608,0.3681989908218384,-0.005295000039041042,1,0.7540150284767151,-0.6379290223121643,0.15655000507831573,0,0.2085919976234436,0.45854198932647705,0.8638449907302856,0,-0.6228569746017456,-0.618698000907898,0.4788140058517456,0,0,0.36368298530578613,0,1,0.9299229979515076,-0.36771899461746216,-0.005140999797731638,0,0.36767300963401794,0.9293310046195984,0.03405199944972992,0,-0.00774399982765317,-0.033555999398231506,0.9994069933891296,0,0,0.7402600049972534,0,1,0.9768679738044739,0.2001650035381317,-0.0752519965171814,0,-0.1644430011510849,0.9281100034713745,0.3340210020542145,0,0.13670100271701813,-0.3139199912548065,0.9395570158958435,0,0,0.715919017791748,0,1,0.9859340190887451,0.15645700693130493,-0.058782998472452164,0,-0.13338899612426758,0.9485099911689758,0.2872909903526306,0,0.10070399940013885,-0.2754090130329132,0.9560379981994629,0,0.05251700058579445,0.0796549990773201,0.05785299837589264,1,0.9834489822387695,-0.18080799281597137,-0.011695999652147293,0,0.18070200085639954,0.9834920167922974,-0.00953499972820282,0,0.013226999901235104,0.0072639998979866505,0.9998859763145447,0,0.021980000659823418,0.08651500195264816,0,1,0.997277021408081,-0.07057499885559082,-0.021407999098300934,0,0.0695590004324913,0.9965639710426331,-0.044957999140024185,0,0.02450699917972088,0.04334700107574463,0.9987589716911316,0,-0.009847999550402164,0.09419199824333191,0,1,0.9939110279083252,-0.10858800262212753,-0.018706999719142914,0,0.11008600145578384,0.9713019728660583,0.21083900332450867,0,-0.0047240001149475574,-0.21161499619483948,0.9773420095443726,0,0.12092000246047974,0.31066200137138367,-0.010487999767065048,1,0.99720299243927,0.0746150016784668,0.004393000155687332,0,-0.07460100203752518,0.9899430274963379,0.12019799649715424,0,0.004619999788701534,-0.12019000202417374,0.9927399754524231,0,-0.0020759999752044678,0.08308299630880356,0,1,0.9996809959411621,-0.02524299919605255,0.0007680000271648169,0,0.025150999426841736,0.9978659749031067,0.06025300174951553,0,-0.0022869999520480633,-0.06021500006318092,0.998183012008667,0,0.002429000101983547,0.08299700170755386,0,1,0.9893239736557007,-0.1381479948759079,-0.04639400169253349,0,0.14484700560569763,0.967166006565094,0.20882700383663177,0,0.016022000461816788,-0.21331800520420074,0.9768509864807129,0,0.039987001568078995,0.308353990316391,-0.017412999644875526,1,0.9937099814414978,0.11155500262975693,0.009831000119447708,0,-0.11192800104618073,0.9864950180053711,0.11958400160074234,0,0.003642000025138259,-0.11993200331926346,0.992775022983551,0,-0.0051739998161792755,0.08614300191402435,0,1,0.9997770190238953,0.021043000742793083,0.0015259999781847,0,-0.021097000688314438,0.9979709982872009,0.060065001249313354,0,-0.0002589999930933118,-0.06008400022983551,0.9981930255889893,0,0.0024939998984336853,0.08588500320911407,0,1,0.985476016998291,-0.16341599822044373,-0.046174000948667526,0,0.1694899946451187,0.9633179903030396,0.20806799829006195,0,0.010479000397026539,-0.2128719985485077,0.9770240187644958,0,-0.044840000569820404,0.2629069983959198,-0.015855999663472176,1,0.9907569885253906,0.1344269961118698,0.018156999722123146,0,-0.13563600182533264,0.9835289716720581,0.11947199702262878,0,-0.0017979999538511038,-0.12083099782466888,0.992671012878418,0,-0.00725799985229969,0.08541399985551834,0,1,0.998520016670227,0.05420399829745293,-0.0043680001981556416,0,-0.05384000018239021,0.996703028678894,0.0607060007750988,0,0.007643999997526407,-0.060380998998880386,0.9981459975242615,0,0.002257999964058399,0.07964599877595901,0,1,0.9825590252876282,-0.17732800543308258,-0.05596499890089035,0,0.18515899777412415,0.960735023021698,0.20664800703525543,0,0.01712300069630146,-0.21340599656105042,0.976813018321991,0,-0.11606699973344803,0.21008899807929993,-0.011547000147402287,1,0.9841399788856506,0.17607000470161438,0.021640999242663383,0,-0.17739500105381012,0.9769440293312073,0.11879000067710876,0,-0.00022699999681208283,-0.12074500322341919,0.9926829934120178,0,-0.0071840002201497555,0.0709180012345314,0,1,0.999439001083374,0.033493999391794205,0.00033400001120753586,0,-0.03345299884676933,0.9976180195808411,0.0603180006146431,0,0.0016870000399649143,-0.06029500067234039,0.998179018497467,0,0.0032259998843073845,0.05860700085759163,0,1,-0.959958016872406,-0.09162300080060959,0.2647390067577362,0,0.15916399657726288,-0.9560449719429016,0.24626100063323975,0,0.2305389940738678,0.27853700518608093,0.932345986366272,0,0.2560949921607971,-0.15797199308872223,-0.040674999356269836,1,0.9751799702644348,0.1778630018234253,0.13186900317668915,0,-0.11776299774646759,0.9209920167922974,-0.3713560104370117,0,-0.1875009983778,0.34661000967025757,0.91907799243927,0,0,1.3753329515457153,0,1,0.9266579747200012,-0.07604999840259552,0.36813199520111084,0,-0.26770299673080444,0.5539939999580383,0.7883059978485107,0,-0.2638930082321167,-0.829039990901947,0.4930039942264557,0,0,1.2331180572509766,0,1,0.967831015586853,0,0.25160300731658936,0,-0.1414009928703308,0.8271350264549255,0.5439239740371704,0,-0.2081100046634674,-0.5620030164718628,0.8005269765853882,0,0,0.4137510061264038,0,1,-0.9221580028533936,-0.0058479998260736465,-0.38677000999450684,0,-0.08864600211381912,-0.9700800180435181,0.22602300345897675,0,-0.3765200078487396,0.24271400272846222,0.8940489888191223,0,-0.2560949921607971,-0.15797199308872223,-0.039340000599622726,1,0.9781919717788696,-0.07648099958896637,0.19310800731182098,0,0.14052799344062805,0.9283270239830017,-0.34418100118637085,0,-0.15294399857521057,0.36381199955940247,0.9188299775123596,0,0,1.3753269910812378,0,1,0.9424189925193787,0.021547000855207443,-0.3337390124797821,0,0.2836320102214813,0.4772469997406006,0.8317379951477051,0,0.17719799280166626,-0.8785049915313721,0.44365501403808594,0,0,1.2327829599380493,0,1,0.968904972076416,0,-0.24743199348449707,0,0.1394670009613037,0.82600998878479,0.5461289882659912,0,0.20438100397586823,-0.5636559724807739,0.8003249764442444,0,0,0.41258499026298523,0,1
K0.033,0.9933059811592102,-0.025603994727134705,0.11264096200466156,0,0.01587500050663948,0.9961299896240234,0.08644098788499832,0,-0.11441896110773087,-0.0840739831328392,0.9898689985275269,0,-0.002949988003820181,2.9726669788360596,0.022460944950580597,1,0.999530017375946,0.025969000533223152,0.016304997727274895,0,-0.02367600053548813,0.9915149807929993,-0.12781600654125214,0,-0.019486000761389732,0.12736999988555908,0.9916639924049377,0,0,0.28454700112342834,-0.03201499953866005,1,0.9997990131378174,0.01446900051087141,0.013873999007046223,0,-0.014108001254498959,0.9995669722557068,-0.025826003402471542,0,-0.014241999015212059,0.02562500350177288,0.9995700120925903,0,0,0.3340660035610199,0,1,0.9998019933700562,0.014895000495016575,0.013194998726248741,0,-0.01454900112003088,0.9995589852333069,-0.025895003229379654,0,-0.013574998825788498,0.02569800429046154,0.9995779991149902,0,0,0.38179001212120056,0,1,0.9991199970245361,-0.027858005836606026,-0.031370993703603745,0,0.02801700495183468,0.9995970129966736,0.004653044976294041,0,0.031227990984916687,-0.005528045352548361,0.9994969964027405,0,0,0.42951399087905884,0,1,0.9941380023956299,-0.008474983274936676,-0.10778694599866867,0,0.007044987287372351,0.9998819828033447,-0.01364296767860651,0,0.10788995027542114,0.01280296966433525,0.9940800070762634,0,0,0.2276429980993271,0.060318998992443085,1,-0.24571898579597473,-0.03438699617981911,-0.9687309861183167,0,0.9276229739189148,-0.29836899042129517,-0.22470098733901978,0,-0.2813130021095276,-0.9538310170173645,0.1052129939198494,0,0.16997399926185608,0.3685550093650818,-0.008461999706923962,1,0.1707800030708313,0.8769770264625549,-0.44916000962257385,0,-0.23880496621131897,0.47910600900650024,0.8446469902992249,0,0.9559320211410522,-0.03698702156543732,0.2912479639053345,0,0,0.36368298530578613,0,1,0.9141820073127747,0.40524500608444214,0.006928999908268452,0,-0.4052000045776367,0.9134259819984436,0.03829599916934967,0,0.009189999662339687,-0.037817999720573425,0.9992420077323914,0,0,0.7414150238037109,0,1,0.8703179955482483,-0.32652801275253296,0.36868196725845337,0,0.28704503178596497,0.944625973701477,0.15901698172092438,0,-0.40018996596336365,-0.032566990703344345,0.9158530235290527,0,0,0.7164419889450073,0,1,0.9726759791374207,-0.06161800026893616,0.22384299337863922,0,-0.00443999981507659,0.9590250253677368,0.2832860052585602,0,-0.23212599754333496,-0.27654001116752625,0.9325469732284546,0,-0.05294099822640419,0.08002900332212448,0.06036200001835823,1,0.9975169897079468,0.06917700171470642,0.013214999809861183,0,-0.06824800372123718,0.9957979917526245,-0.06106099858880043,0,-0.017382999882102013,0.0600069984793663,0.9980469942092896,0,-0.024449000135064125,0.08733200281858444,0,1,0.9995229840278625,-0.030199000611901283,-0.006519000045955181,0,0.029688000679016113,0.9972530007362366,-0.06785999983549118,0,0.00855099968612194,0.06763400137424469,0.9976739883422852,0,0.010323000140488148,0.09297499805688858,0,1,0.9886569976806641,0.1486160010099411,0.021678000688552856,0,-0.14851899445056915,0.9459599852561951,0.28827300667762756,0,0.022335000336170197,-0.28822198510169983,0.957302987575531,0,-0.1271979957818985,0.3301219940185547,-0.00661400007084012,1,0.9955809712409973,-0.0935709998011589,-0.007896999828517437,0,0.09366899728775024,0.9836249947547913,0.1539739966392517,0,-0.006639999803155661,-0.15403300523757935,0.9880430102348328,0,0.004093000199645758,0.08040200173854828,0,1,0.9990699887275696,-0.04309000074863434,-0.0013770000077784061,0,0.04306799918413162,0.9960740208625793,0.0773480013012886,0,-0.001961000030860305,-0.07733500003814697,0.9970030188560486,0,-0.0012730000307783484,0.07176800072193146,0,1,0.9861220121383667,0.15987899899482727,0.04474499821662903,0,-0.16598400473594666,0.9436399936676025,0.2863439917564392,0,0.003558000084012747,-0.28979700803756714,0.9570819735527039,0,-0.04712500050663948,0.29318100214004517,-0.022520000115036964,1,0.9932039976119995,-0.11566600203514099,-0.012924999929964542,0,0.11627499759197235,0.9812639951705933,0.15362699329853058,0,-0.005086999852210283,-0.15408499538898468,0.988044023513794,0,0.006639999803155661,0.09613300114870071,0,1,0.9983720183372498,-0.0570329986512661,0.0008759999764151871,0,0.05679500102996826,0.9953849911689758,0.07734899967908859,0,-0.005282999947667122,-0.07717300206422806,0.997003972530365,0,-0.0018439999548718333,0.08786199986934662,0,1,0.9850209951400757,0.1615229994058609,0.0603719986975193,0,-0.17209500074386597,0.9428650140762329,0.285288006067276,0,-0.010842000134289265,-0.29140400886535645,0.9565389752388,0,0.053543999791145325,0.29100799560546875,-0.019807999953627586,1,0.9898139834403992,-0.1415019929409027,-0.015668999403715134,0,0.14222800731658936,0.9779890179634094,0.15267199277877808,0,-0.0062790000811219215,-0.1533460021018982,0.9881529808044434,0,0.005867999978363514,0.07867699861526489,0,1,0.9995959997177124,-0.028271999210119247,-0.0029090000316500664,0,0.028411999344825745,0.9966350197792053,0.07688099890947342,0,0.0007259999983943999,-0.07693299651145935,0.9970359802246094,0,-0.0028119999915361404,0.07310599833726883,0,1,0.9870790243148804,0.1589750051498413,0.020041000097990036,0,-0.1582619994878769,0.9477199912071228,0.27709299325942993,0,0.025057999417185783,-0.2766839861869812,0.9606339931488037,0,0.12077999860048294,0.2229979932308197,-0.00686099985614419,1,0.9889370203018188,-0.1448429971933365,-0.031998999416828156,0,0.14814800024032593,0.975271999835968,0.16400299966335297,0,0.007453000172972679,-0.16692900657653809,0.9859409928321838,0,0.007691000122576952,0.058476999402046204,0,1,0.9993879795074463,-0.03428500145673752,-0.006910999771207571,0,0.034717001020908356,0.9964069724082947,0.07724999636411667,0,0.004236999899148941,-0.0774419978260994,0.9969879984855652,0,-0.0036830001045018435,0.057537999004125595,0,1,0.08991000056266785,-0.0620729997754097,0.9940140247344971,0,-0.9727100133895874,-0.2198210060596466,0.07425600290298462,0,0.2138960063457489,-0.973563015460968,-0.08014299720525742,0,-0.16997399926185608,0.3681989908218384,-0.005295000039041042,1,0.7511420249938965,-0.6414960026741028,0.15578198432922363,0,0.20887300372123718,0.4548129737377167,0.8657469749450684,0,-0.6262249946594238,-0.6177610158920288,0.47561997175216675,0,0,0.36368298530578613,0,1,0.9312340021133423,-0.36438697576522827,-0.005019999109208584,0,0.36434197425842285,0.930653989315033,0.0337429977953434,0,-0.007623998913913965,-0.03325199708342552,0.9994180202484131,0,0,0.7402600049972534,0,1,0.9768210053443909,0.20328204333782196,-0.06705791503190994,0,-0.16908305883407593,0.924860954284668,0.3406520485877991,0,0.1312679499387741,-0.32141804695129395,0.9377949833869934,0,0,0.715919017791748,0,1,0.9859340190887451,0.15645700693130493,-0.058782998472452164,0,-0.13338999450206757,0.9485099911689758,0.2872900068759918,0,0.10070499777793884,-0.275407999753952,0.9560379981994629,0,0.05251700058579445,0.0796549990773201,0.05785299837589264,1,0.9834489822387695,-0.1808069944381714,-0.011695999652147293,0,0.18070200085639954,0.9834920167922974,-0.00953499972820282,0,0.013226999901235104,0.0072639998979866505,0.9998859763145447,0,0.021980000659823418,0.08651500195264816,0,1,0.997277021408081,-0.07057499885559082,-0.021407999098300934,0,0.0695590004324913,0.9965639710426331,-0.044957999140024185,0,0.02450699917972088,0.04334700107574463,0.9987589716911316,0,-0.009847999550402164,0.09419199824333191,0,1,0.9939110279083252,-0.10858800262212753,-0.01870799995958805,0,0.11008600145578384,0.9713019728660583,0.21083900332450867,0,-0.0047240001149475574,-0.21161499619483948,0.9773420095443726,0,0.12092000246047974,0.31066200137138367,-0.010487999767065048,1,0.99720299243927,0.07461400330066681,0.004393000155687332,0,-0.07460100203752518,0.9899430274963379,0.12019799649715424,0,0.004619999788701534,-0.12019000202417374,0.9927399754524231,0,-0.0020759999752044678,0.08308299630880356,0,1,0.9996809959411621,-0.025242000818252563,0.0007670000195503235,0,0.0251499991863966,0.9978659749031067,0.06025300174951553,0,-0.0022869999520480633,-0.06021500006318092,0.998183012008667,0,0.002429000101983547,0.08299700170755386,0,1,0.9893239736557007,-0.1381479948759079,-0.04639400169253349,0,0.14484700560569763,0.967166006565094,0.20882800221443176,0,0.016022000461816788,-0.21331800520420074,0.9768509864807129,0,0.039987001568078995,0.308353990316391,-0.017412999644875526,1,0.9937099814414978,0.11155399680137634,0.009831000119447708,0,-0.11192700266838074,0.9864950180053711,0.11958400160074234,0,0.003642000025138259,-0.11993200331926346,0.992775022983551,0,-0.0051739998161792755,0.08614300191402435,0,1,0.9997770190238953,0.02104399912059307,0.0015259999781847,0,-0.021097000688314438,0.9979709982872009,0.060065001249313354,0,-0.0002589999930933118,-0.06008400022983551,0.9981930255889893,0,0.0024939998984336853,0.08588500320911407,0,1,0.985476016998291,-0.16341599822044373,-0.046174000948667526,0,0.1694899946451187,0.9633179903030396,0.20806799829006195,0,0.010479000397026539,-0.2128719985485077,0.9770240187644958,0,-0.044840000569820404,0.2629069983959198,-0.015855999663472176,1,0.9907569885253906,0.1344269961118698,0.018156999722123146,0,-0.13563500344753265,0.9835289716720581,0.11947199702262878,0,-0.0017979999538511038,-0.12083099782466888,0.992671012878418,0,-0.00725799985229969,0.08541399985551834,0,1,0.998520016670227,0.05420399829745293,-0.0043680001981556416,0,-0.05384000018239021,0.996703028678894,0.0607060007750988,0,0.007643999997526407,-0.060380998998880386,0.9981459975242615,0,0.002257999964058399,0.07964599877595901,0,1,0.9825590252876282,-0.17732800543308258,-0.05596499890089035,0,0.18515899777412415,0.960735023021698,0.20664800703525543,0,0.01712300069630146,-0.2134069949388504,0.976813018321991,0,-0.11606699973344803,0.21008899807929993,-0.011547000147402287,1,0.9841399788856506,0.17607000470161438,0.021640999242663383,0,-0.17739500105381012,0.9769440293312073,0.11879000067710876,0,-0.00022699999681208283,-0.12074500322341919,0.9926829934120178,0,-0.0071840002201497555,0.0709180012345314,0,1,0.999439001083374,0.033493999391794205,0.00033400001120753586,0,-0.03345299884676933,0.9976180195808411,0.0603180006146431,0,0.0016870000399649143,-0.06029500067234039,0.998179018497467,0,0.0032259998843073845,0.05860700085759163,0,1,-0.960207998752594,-0.09107398986816406,0.26402100920677185,0,0.15934400260448456,-0.955024003982544,0.2500770390033722,0,0.22937098145484924,0.2821960151195526,0.9315329790115356,0,0.2560949921607971,-0.15797199308872223,-0.040674999356269836,1,0.9753239750862122,0.1773110032081604,0.13154500722885132,0,-0.11680499464273453,0.9200170040130615,-0.3740650415420532,0,-0.18735000491142273,0.34947001934051514,0.9180259704589844,0,0,1.3753329515457153,0,1,0.9276620149612427,-0.07362397760152817,0.3660909831523895,0,-0.267084002494812,0.5543490052223206,0.7882660031318665,0,-0.26097798347473145,-0.8290209770202637,0.4945850074291229,0,0,1.2331180572509766,0,1,0.967831015586853,0,0.25160300731658936,0,-0.141402006149292,0.8271350264549255,0.5439239740371704,0,-0.2081100046634674,-0.5620030164718628,0.8005269765853882,0,0,0.4137510061264038,0,1,-0.921101987361908,-0.007610009983181953,-0.38924703001976013,0,-0.08875900506973267,-0.9693750143051147,0.22898700833320618,0,-0.3790690302848816,0.24546901881694794,0.8922169804573059,0,-0.2560949921607971,-0.15797199308872223,-0.039340000599622726,1,0.9778059720993042,-0.07868402451276779,0.19417701661586761,0,0.14342202246189117,0.9269880056381226,-0.34658902883529663,0,-0.15272900462150574,0.36674603819847107,0.9176989793777466,0,0,1.3753269910812378,0,1,0.9423779845237732,0.021835006773471832,-0.33383798599243164,0,0.2833699882030487,0.47833898663520813,0.8312000036239624,0,0.17783699929714203,-0.8779039978981018,0.4445880055427551,0,0,1.2327829599380493,0,1,0.968904972076416,0,-0.24743199348449707,0,0.1394670009613037,0.82600998878479,0.5461289882659912,0,0.20438100397586823,-0.5636559724807739,0.8003249764442444,0,0,0.41258499026298523,0,1
