0.633,30,18,65
B0,mixamorig_Hips,-1,0.9905403256416321,0.009243849664926529,-0.13629823923110962,0,0.08256252855062485,0.754311740398407,0.6511757373809814,0,0.10884186625480652,-0.6563799977302551,0.7465378046035767,0,0.053635887801647186,2.3937184810638428,-0.09160253405570984,1
B1,mixamorig_Spine,0,0.9996127486228943,-0.01971820369362831,0.016225144267082214,0,0.015354996547102928,0.9733965992927551,0.22824548184871674,0,-0.020309383049607277,-0.22789451479911804,0.9733268618583679,0,0,0.28454700112342834,-0.03201499953866005,1
B2,mixamorig_Spine1,1,0.999818742275238,-0.014869898557662964,0.011284640058875084,0,0.013408460654318333,0.9929450154304504,0.11735458672046661,0,-0.012965795584022999,-0.11717669665813446,0.9929675459861755,0,0,0.3340660035610199,0,1
B3,mixamorig_Spine2,2,0.9997650384902954,-0.012831865809857845,0.01693844422698021,0,0.00808352418243885,0.9673185348510742,0.2532272934913635,0,-0.019646424800157547,-0.25302618741989136,0.967197597026825,0,0,0.38179001212120056,0,1
B4,mixamorig_Neck,3,0.9845890998840332,0.1707218438386917,0.03525296598672867,0,-0.15682797133922577,0.9536846876144409,-0.25373759865760803,0,-0.07689746469259262,0.24429269134998322,0.9657673835754395,0,0,0.42951399087905884,0,1
B5,mixamorig_Head,4,0.9998711943626404,0.01196996495127678,0.007463173940777779,0,-0.002913429168984294,0.6923083066940308,-0.7215927839279175,0,-0.013806738890707493,0.7214864492416382,0.6922478079795837,0,0,0.2276429980993271,0.060318998992443085,1
B6,mixamorig_HeadTop_End,5,1,0,0,0,0,1,0,0,0,0,1,0,0,0.6589959859848022,0.17461499571800232,1
B7,mixamorig_LeftShoulder,3,-0.1992863267660141,0.02568344958126545,-0.9796031713485718,0,0.9794772863388062,-0.025433477014303207,-0.19992776215076447,0,-0.030049048364162445,-0.9993444085121155,-0.02009124495089054,0,0.16997399926185608,0.3685550093650818,-0.008461999706923962,1
B8,mixamorig_LeftArm,7,0.7585799694061279,0.48041290044784546,-0.4393584132194519,0,0.03429052233695984,0.643787682056427,0.7637441158294678,0,0.6497542858123779,-0.5948397517204285,0.4726167917251587,0,0,0.36368298530578613,0,1
B9,mixamorig_LeftForeArm,8,0.8436365127563477,0.4408990740776062,0.30548185110092163,0,-0.5065637230873108,0.8423975706100464,0.18362616002559662,0,-0.17636825144290924,-0.30968940258026123,0.9340140223503113,0,0,0.7414150238037109,0,1
B10,mixamorig_LeftHand,9,0.9694010615348816,-0.2011192888021469,-0.14050492644309998,0,0.24259038269519806,0.870879590511322,0.427170991897583,0,0.03634575754404068,-0.4481925666332245,0.8931009769439697,0,0,0.7164419889450073,0,1
B11,mixamorig_LeftHandThumb1,10,0.5036865472793579,0.14823700487613678,-0.8510730266571045,0,-0.22421400249004364,0.9738399982452393,0.036924999207258224,0,0.8342829942703247,0.1722240000963211,0.5237470269203186,0,-0.05294099822640419,0.08002900332212448,0.06036200001835823,1
B12,mixamorig_LeftHandThumb2,11,0.9997879862785339,-0.006703999824821949,0.019453000277280807,0,0.008825000375509262,0.9937719702720642,-0.11107999831438065,0,-0.01858700066804886,0.11122845858335495,0.9936209917068481,0,-0.024449000135064125,0.08733200281858444,0,1
B13,mixamorig_LeftHandThumb3,12,0.9969559907913208,0.07787299901247025,0.003746999893337488,0,-0.07788199931383133,0.9969589710235596,0.0025400000158697367,0,-0.0035379999317228794,-0.002824000082910061,0.9999899864196777,0,0.010323000140488148,0.09297499805688858,0,1
B14,mixamorig_LeftHandThumb4,13,1,0,0,0,0,1,0,0,0,0,1,0,0.014125999994575977,0.07835999876260757,0,1
B15,mixamorig_LeftHandIndex1,10,0.9331390261650085,0.35913699865341187,-0.016489999368786812,0,-0.3538149893283844,0.9092419743537903,-0.21930453181266785,0,-0.06376700103282928,0.21047599613666534,0.9755169749259949,0,-0.1271979957818985,0.3301219940185547,-0.00661400007084012,1
B16,mixamorig_LeftHandIndex2,15,0.9976149797439575,-0.06895799934864044,-0.0031799999997019768,0,0.06895799934864044,0.9976199865341187,-0.000037999998312443495,0,0.00317499996162951,-0.00018145634385291487,0.9999949932098389,0,0.004093000199645758,0.08040200173854828,0,1
B17,mixamorig_LeftHandIndex3,16,0.9986199736595154,-0.050383999943733215,0.014797000214457512,0,0.0524899996817112,0.9659050107002258,-0.2535189986228943,0,-0.0015190000412985682,0.2539460062980652,0.9672170281410217,0,-0.0012730000307783484,0.07176800072193146,0,1
B18,mixamorig_LeftHandIndex4,17,1,0,0,0,0,1,0,0,0,0,1,0,-0.002819000044837594,0.0575300008058548,0,1
B19,mixamorig_LeftHandMiddle1,10,0.9571880102157593,0.28746700286865234,0.033980000764131546,0,-0.2802349925041199,0.9496610164642334,-0.14004400372505188,0,-0.07252799719572067,0.12452554702758789,0.9895619750022888,0,-0.04712500050663948,0.29318100214004517,-0.022520000115036964,1
B20,mixamorig_LeftHandMiddle2,19,0.9939619898796082,-0.10793245583772659,-0.01974100060760975,0,0.10716000199317932,0.9162430167198181,0.386025995016098,0,-0.023576999083161354,-0.3858110010623932,0.9222769737243652,0,0.006639999803155661,0.09613300114870071,0,1
B21,mixamorig_LeftHandMiddle3,20,0.9984449744224548,-0.0549359992146492,-0.009417999535799026,0,0.055649999529123306,0.9731109738349915,0.22351199388504028,0,-0.0031139999628067017,-0.223688006401062,0.9746559858322144,0,-0.0018439999548718333,0.08786199986934662,0,1
B22,mixamorig_LeftHandMiddle4,21,1,0,0,0,0,1,0,0,0,0,1,0,-0.004796000197529793,0.07533500343561172,0,1
B23,mixamorig_LeftHandRing1,10,0.9596149921417236,0.27184098958969116,0.07239499688148499,0,-0.2812019884586334,0.9342420101165771,0.21935699880123138,0,-0.008004000410437584,-0.2308560013771057,0.9729549884796143,0,0.053543999791145325,0.29100799560546875,-0.019807999953627586,1
B24,mixamorig_LeftHandRing2,23,0.9898809790611267,-0.13847500085830688,-0.030973000451922417,0,0.13812099397182465,0.8902860283851624,0.4339500069618225,0,-0.032515998929739,-0.43383699655532837,0.9004039764404297,0,0.005867999978363514,0.07867699861526489,0,1
B25,mixamorig_LeftHandRing3,24,0.9988150000572205,-0.04433400183916092,-0.02006700076162815,0,0.048516999930143356,0.9392549991607666,0.3397749960422516,0,0.003783999942243099,-0.34034600853919983,0.94029301404953,0,-0.0028119999915361404,0.07310599833726883,0,1
B26,mixamorig_LeftHandRing4,25,1,0,0,0,0,1,0,0,0,0,1,0,-0.0030559999868273735,0.05968699976801872,0,1
B27,mixamorig_LeftHandPinky1,10,0.906836986541748,0.29725098609924316,0.2988109886646271,0,-0.40703946352005005,0.8016305565834045,0.43784400820732117,0,-0.10938700288534164,-0.518680989742279,0.847940981388092,0,0.12077999860048294,0.2229979932308197,-0.00686099985614419,1
B28,mixamorig_LeftHandPinky2,27,0.9795759916305542,-0.19626399874687195,-0.04371099919080734,0,0.19899246096611023,0.9150715470314026,0.3507789969444275,0,-0.028846999630331993,-0.35231301188468933,0.935437023639679,0,0.007691000122576952,0.058476999402046204,0,1
B29,mixamorig_LeftHandPinky3,28,0.9997050166130066,0.0015409999759867787,-0.024223456159234047,0,0.0050849998369812965,0.96253901720047,0.2710939943790436,0,0.023733999580144882,-0.271136999130249,0.9622480273246765,0,-0.0036830001045018435,0.057537999004125595,0,1
B30,mixamorig_LeftHandPinky4,29,1,0,0,0,0,1,0,0,0,0,1,0,-0.004009000025689602,0.04541200026869774,0,1
B31,mixamorig_RightShoulder,3,-0.1350378394126892,-0.04868770018219948,0.9896426796913147,0,-0.9740632176399231,-0.1764577478170395,-0.14159619808197021,0,0.18152400851249695,-0.983096182346344,-0.023600386455655098,0,-0.16997399926185608,0.3681989908218384,-0.005295000039041042,1
B32,mixamorig_RightArm,31,0.9306853413581848,-0.28687018156051636,0.22283440828323364,0,0.00450075464323163,0.6219231486320496,0.7818864583969116,0,-0.363616406917572,-0.7281615734100342,0.5809730887413025,0,0,0.36368298530578613,0,1
B33,mixamorig_RightForeArm,32,0.8807209134101868,-0.47153154015541077,-0.02309296652674675,0,0.45672842860221863,0.8385122418403625,0.2947181761264801,0,-0.11939499527215958,-0.27035462856292725,0.9552667140960693,0,0,0.7402600049972534,0,1
B34,mixamorig_RightHand,33,0.9122266173362732,0.37911340594291687,0.15522031486034393,0,-0.40909674763679504,0.8229682445526123,0.39413323998451233,0,0.021666299551725388,-0.42303764820098877,0.9058384895324707,0,0,0.715919017791748,0,1
B35,mixamorig_RightHandThumb1,34,0.46417900919914246,-0.16621246933937073,0.8700065612792969,0,0.2147974669933319,0.9740390181541443,0.07148600369691849,0,-0.8593019843101501,0.15369300544261932,0.4878304600715637,0,0.05251700058579445,0.0796549990773201,0.05785299837589264,1
B36,mixamorig_RightHandThumb2,35,0.9989405274391174,0.04113899916410446,-0.02062699943780899,0,-0.04291645437479019,0.9945709705352783,-0.0947965458035469,0,0.016614999622106552,0.09558100253343582,0.9952830076217651,0,0.021980000659823418,0.08651500195264816,0,1
B37,mixamorig_RightHandThumb3,36,0.9973220229148865,-0.06727799773216248,-0.028679000213742256,0,0.06724999845027924,0.997734010219574,-0.0019330000504851341,0,0.02874399907886982,-4.5633944978362706e-7,0.9995869994163513,0,-0.009847999550402164,0.09419199824333191,0,1
B38,mixamorig_RightHandThumb4,37,1,0,0,0,0,1,0,0,0,0,1,0,-0.012133000418543816,0.0746849998831749,0,1
B39,mixamorig_RightHandIndex1,34,0.951321005821228,-0.30817845463752747,0.0038769999518990517,0,0.3026754558086395,0.9318140149116516,-0.20027554035186768,0,0.058107998222112656,0.19169999659061432,0.9797319769859314,0,0.12092000246047974,0.31066200137138367,-0.010487999767065048,1
B40,mixamorig_RightHandIndex2,39,0.9985349774360657,0.054099999368190765,-0.0003334563516546041,0,-0.054099999368190765,0.9985359907150269,0.000012000000424450263,0,0.00033400001120753586,0.000006543660674651619,1,0,-0.0020759999752044678,0.08308299630880356,0,1
B41,mixamorig_RightHandIndex3,40,0.9998769760131836,-0.015336000360548496,0.0031640001107007265,0,0.015636000782251358,0.9670474529266357,-0.2541149854660034,0,0.0008370000286959112,0.25413399934768677,0.9671689867973328,0,0.002429000101983547,0.08299700170755386,0,1
B42,mixamorig_RightHandIndex4,41,1,0,0,0,0,1,0,0,0,0,1,0,-0.0003530000103637576,0.05992899835109711,0,1
B43,mixamorig_RightHandMiddle1,34,0.9671739935874939,-0.2504585385322571,-0.04294599965214729,0,0.24383999407291412,0.9622910022735596,-0.12057100236415863,0,0.07152454555034637,0.10614100098609924,0.9917749762535095,0,0.039987001568078995,0.308353990316391,-0.017412999644875526,1
B44,mixamorig_RightHandMiddle2,43,0.9935150146484375,0.11170800030231476,0.021189000457525253,0,-0.11120600253343582,0.9158819913864136,0.38573744893074036,0,0.0236834567040205,-0.3855920135974884,0.9223650097846985,0,-0.0051739998161792755,0.08614300191402435,0,1
B45,mixamorig_RightHandMiddle3,44,0.9996849894523621,0.023365000262856483,0.009175543673336506,0,-0.024824999272823334,0.974416971206665,0.22337399423122406,0,-0.0037219999358057976,-0.22353099286556244,0.9746900200843811,0,0.0024939998984336853,0.08588500320911407,0,1
B46,mixamorig_RightHandMiddle4,45,1,0,0,0,0,1,0,0,0,0,1,0,0.00267999991774559,0.06950999796390533,0,1
B47,mixamorig_RightHandRing1,34,0.9651889801025391,-0.2538565397262573,-0.06298399716615677,0,0.2615475356578827,0.9351379871368408,0.23897799849510193,0,-0.001766999950632453,-0.24713246524333954,0.9689800143241882,0,-0.044840000569820404,0.2629069983959198,-0.015855999663472176,1
B48,mixamorig_RightHandRing2,47,0.9906749725341797,0.13267454504966736,0.031005999073386192,0,-0.13290099799633026,0.8908360004425049,0.43445101380348206,0,0.03001900017261505,-0.43452098965644836,0.9001614451408386,0,-0.00725799985229969,0.08541399985551834,0,1
B49,mixamorig_RightHandRing3,48,0.9980329871177673,0.06031745672225952,0.017109543085098267,0,-0.062442000955343246,0.9316549897193909,0.3579390048980713,0,0.0056500001810491085,-0.3583030104637146,0.9335880279541016,0,0.002257999964058399,0.07964599877595901,0,1
B50,mixamorig_RightHandRing4,49,1,0,0,0,0,1,0,0,0,0,1,0,0.004999999888241291,0.06913899630308151,0,1
B51,mixamorig_RightHandPinky1,34,0.9236230254173279,-0.22303499281406403,-0.3117299973964691,0,0.35234200954437256,0.8142340183258057,0.4613874554634094,0,0.15091553330421448,-0.5359839797019958,0.8306300044059753,0,-0.11606699973344803,0.21008899807929993,-0.011547000147402287,1
B52,mixamorig_RightHandPinky2,51,0.9845529794692993,0.171206995844841,0.03665199875831604,0,-0.17309153079986572,0.9202690124511719,0.3509199917316437,0,0.026350457221269608,-0.35184401273727417,0.9356880187988281,0,-0.0071840002201497555,0.0709180012345314,0,1
B53,mixamorig_RightHandPinky3,52,0.999064028263092,0.03504899889230728,0.025359999388456345,0,-0.040536001324653625,0.9631940126419067,0.265735000371933,0,-0.015112999826669693,-0.26651400327682495,0.9637129902839661,0,0.0032259998843073845,0.05860700085759163,0,1
B54,mixamorig_RightHandPinky4,53,1,0,0,0,0,1,0,0,0,0,1,0,0.003957999870181084,0.0517750009894371,0,1
B55,mixamorig_LeftUpLeg,0,-0.9880789518356323,0.07137217372655869,-0.13572145998477936,0,-0.14665918052196503,-0.16836979985237122,0.9707919955253601,0,0.04606223478913307,0.9791585206985474,0.1768360584974289,0,0.2560949921607971,-0.15797199308872223,-0.040674999356269836,1
B56,mixamorig_LeftLeg,55,0.9941660761833191,0.10298263281583786,-0.028882047161459923,0,-0.05352000147104263,0.2465905100107193,-0.967570960521698,0,-0.09257563948631287,0.9634769558906555,0.25073933601379395,0,0,1.3753329515457153,0,1
B57,mixamorig_LeftFoot,56,0.9112598299980164,0.04405853524804115,0.40620917081832886,0,-0.4115959703922272,0.06399919837713242,0.902336061000824,0,0.013693404383957386,-0.9894577860832214,0.07645531743764877,0,0,1.2331180572509766,0,1
B58,mixamorig_LeftToeBase,57,0.9530800580978394,-0.04823482036590576,0.2988211214542389,0,-0.14469538629055023,0.794154167175293,0.5898728966712952,0,-0.26582634449005127,-0.605444073677063,0.7498964071273804,0,0,0.4137510061264038,0,1
B59,mixamorig_LeftToe_End,58,1,0,0,0,0,1,0,0,0,0,1,0,0,0.16649700701236725,0,1
B60,mixamorig_RightUpLeg,0,-0.9952973127365112,-0.07136566191911697,0.03262924775481224,0,0.07521223276853561,-0.5844293236732483,0.7904384732246399,0,-0.031609926372766495,0.7896196842193604,0.5888051986694336,0,-0.2560949921607971,-0.15797199308872223,-0.039340000599622726,1
B61,mixamorig_RightLeg,60,0.9479405283927917,-0.3124244809150696,-0.040372759103775024,0,-0.06650403887033463,-0.06397301703691483,-0.9907971024513245,0,0.3103122115135193,0.9420396685600281,-0.0805586576461792,0,0,1.3753269910812378,0,1
B62,mixamorig_RightFoot,61,0.8912831544876099,-0.3135424852371216,-0.32624581456184387,0,0.4522700011730194,0.6625881791114807,0.5913997888565063,0,0.030743904411792755,-0.6746564507484436,0.7323585152626038,0,0,1.2327829599380493,0,1
B63,mixamorig_RightToeBase,62,0.9565454721450806,0.03768504410982132,-0.28502926230430603,0,0.1552024632692337,0.7704448699951172,0.6175005435943604,0,0.24259743094444275,-0.6352372169494629,0.7309995293617249,0,0,0.41258499026298523,0,1
B64,mixamorig_RightToe_End,63,1,0,0,0,0,1,0,0,0,0,1,0,0,0.16634300351142883,0,1
@52,0,1,2,3,4,5,7,8,9,10,11,12,13,15,16,17,19,20,21,23,24,25,27,28,29,31,32,33,34,35,36,37,39,40,41,43,44,45,47,48,49,51,52,53,55,56,57,58,60,61,62,63
K0.000,0.9943400025367737,-0.010104999877512455,-0.10576099902391434,0,0.08156599849462509,0.7104700207710266,0.6989840269088745,0,0.06807699799537659,-0.7036550045013428,0.707273006439209,0,-0.009866000153124332,2.341001033782959,0.023706000298261642,1,0.9998250007629395,0.01839900016784668,0.003343000076711178,0,-0.018658999353647232,0.9698500037193298,0.2429870069026947,0,0.0012290000449866056,-0.24300700426101685,0.9700239896774292,0,0,0.28454700112342834,-0.03201499953866005,1,0.9999200105667114,-0.007794000208377838,0.009948000311851501,0,0.006426000036299229,0.991379976272583,0.13085900247097015,0,-0.010882000438869,-0.1307850033044815,0.9913510084152222,0,0,0.3340660035610199,0,1,0.9998350143432617,-0.005979999899864197,0.01714799925684929,0,0.001196000026538968,0.9638710021972656,0.26636800169944763,0,-0.01812100037932396,-0.26630398631095886,0.9637190103530884,0,0,0.38179001212120056,0,1,0.9946730136871338,0.10307099670171738,-0.0011940000113099813,0,-0.09613200277090073,0.9234089851379395,-0.3715820014476776,0,-0.03719700127840042,0.3697179853916168,0.9283990263938904,0,0,0.42951399087905884,0,1,0.9999979734420776,-0.0017450000159442425,0.00113800005055964,0,0.0020149999763816595,0.6718000173568726,-0.7407299876213074,0,0.0005280000041238964,0.7407310009002686,0.6718019843101501,0,0,0.2276429980993271,0.060318998992443085,1,-0.21230800449848175,0.0270409993827343,-0.9768289923667908,0,0.9765560030937195,-0.03049200028181076,-0.21309299767017365,0,-0.035548001527786255,-0.9991689920425415,-0.019933000206947327,0,0.16997399926185608,0.3685550093650818,-0.008461999706923962,1,0.7702670097351074,0.5047240257263184,-0.38979700207710266,0,-0.02210799977183342,0.6320000290870667,0.7746530175209045,0,0.6373379826545715,-0.5880720019340515,0.49796798825263977,0,0,0.36368298530578613,0,1,0.8648130297660828,0.4018230140209198,0.30105799436569214,0,-0.46838098764419556,0.8616440296173096,0.1954209953546524,0,-0.18087999522686005,-0.3100129961967468,0.9333670139312744,0,0,0.7414150238037109,0,1,0.9709100127220154,-0.19385799765586853,-0.14054299890995026,0,0.2360599935054779,0.8732839822769165,0.42620500922203064,0,0.0401110015809536,-0.4469830095767975,0.8936430215835571,0,0,0.7164419889450073,0,1,0.5036860108375549,0.14823700487613678,-0.8510730266571045,0,-0.22421400249004364,0.9738399982452393,0.036924999207258224,0,0.8342829942703247,0.1722240000963211,0.5237470269203186,0,-0.05294099822640419,0.08002900332212448,0.06036200001835823,1,0.9997879862785339,-0.006703999824821949,0.019453000277280807,0,0.008824000135064125,0.9937719702720642,-0.11108099669218063,0,-0.01858700066804886,0.11122900247573853,0.9936209917068481,0,-0.024449000135064125,0.08733200281858444,0,1,0.9969559907913208,0.07787200063467026,0.003746999893337488,0,-0.07788199931383133,0.9969589710235596,0.0025400000158697367,0,-0.0035379999317228794,-0.002824000082910061,0.9999899864196777,0,0.010323000140488148,0.09297499805688858,0,1,0.9331390261650085,0.35913699865341187,-0.016489999368786812,0,-0.3538149893283844,0.9092419743537903,-0.21930399537086487,0,-0.06376700103282928,0.21047599613666534,0.9755169749259949,0,-0.1271979957818985,0.3301219940185547,-0.00661400007084012,1,0.9976149797439575,-0.06895799934864044,-0.0031799999997019768,0,0.06895799934864044,0.9976199865341187,-0.000037999998312443495,0,0.00317499996162951,-0.00018099999579135329,0.9999949932098389,0,0.004093000199645758,0.08040200173854828,0,1,0.9986199736595154,-0.0503849983215332,0.014797000214457512,0,0.05249100178480148,0.9659050107002258,-0.2535189986228943,0,-0.0015190000412985682,0.2539460062980652,0.9672170281410217,0,-0.0012730000307783484,0.07176800072193146,0,1,0.9571880102157593,0.28746700286865234,0.033980999141931534,0,-0.2802349925041199,0.9496610164642334,-0.14004400372505188,0,-0.07252799719572067,0.12452500313520432,0.9895619750022888,0,-0.04712500050663948,0.29318100214004517,-0.022520000115036964,1,0.9939619898796082,-0.10793299973011017,-0.01974100060760975,0,0.10716000199317932,0.9162430167198181,0.386025995016098,0,-0.023576999083161354,-0.385809987783432,0.9222769737243652,0,0.006639999803155661,0.09613300114870071,0,1,0.9984449744224548,-0.0549359992146492,-0.009417999535799026,0,0.055649999529123306,0.9731109738349915,0.22351199388504028,0,-0.0031139999628067017,-0.223688006401062,0.9746559858322144,0,-0.0018439999548718333,0.08786199986934662,0,1,0.9596149921417236,0.27184098958969116,0.07239499688148499,0,-0.2812019884586334,0.9342420101165771,0.21935699880123138,0,-0.008004000410437584,-0.2308560013771057,0.9729549884796143,0,0.053543999791145325,0.29100799560546875,-0.019807999953627586,1,0.9898809790611267,-0.13847500085830688,-0.030973000451922417,0,0.13812099397182465,0.8902869820594788,0.4339500069618225,0,-0.032515998929739,-0.43383699655532837,0.9004039764404297,0,0.005867999978363514,0.07867699861526489,0,1,0.9988150000572205,-0.04433400183916092,-0.02006700076162815,0,0.048516999930143356,0.9392549991607666,0.3397749960422516,0,0.003783999942243099,-0.34034600853919983,0.94029301404953,0,-0.0028119999915361404,0.07310599833726883,0,1,0.906836986541748,0.29725098609924316,0.2988109886646271,0,-0.40703898668289185,0.8016300201416016,0.43784400820732117,0,-0.10938700288534164,-0.518680989742279,0.847940981388092,0,0.12077999860048294,0.2229979932308197,-0.00686099985614419,1,0.9795759916305542,-0.19626399874687195,-0.043710000813007355,0,0.1989929974079132,0.9150710105895996,0.3507789969444275,0,-0.028846999630331993,-0.35231301188468933,0.935437023639679,0,0.007691000122576952,0.058476999402046204,0,1,0.9997050166130066,0.0015409999759867787,-0.024222999811172485,0,0.0050849998369812965,0.96253901720047,0.2710939943790436,0,0.023733999580144882,-0.271136999130249,0.9622480273246765,0,-0.0036830001045018435,0.057537999004125595,0,1,-0.13844899833202362,-0.047478001564741135,0.9892309904098511,0,-0.9747660160064697,-0.17007699608802795,-0.14458799362182617,0,0.17510999739170074,-0.9842860102653503,-0.022732999175786972,0,-0.16997399926185608,0.3681989908218384,-0.005295000039041042,1,0.9002199769020081,-0.31334200501441956,0.3023569881916046,0,-0.04076100140810013,0.6306899785995483,0.7749630212783813,0,-0.43352198600769043,-0.709962010383606,0.5549880266189575,0,0,0.36368298530578613,0,1,0.877921998500824,-0.4782469868659973,-0.023080000653862953,0,0.464123010635376,0.8381699919700623,0.2864620089530945,0,-0.11765400320291519,-0.26220300793647766,0.9578139781951904,0,0,0.7402600049972534,0,1,0.918507993221283,0.36263999342918396,0.15759199857711792,0,-0.3951849937438965,0.828715980052948,0.39630600810050964,0,0.013117000460624695,-0.42628800868988037,0.9044920206069946,0,0,0.715919017791748,0,1,0.46417900919914246,-0.1662130057811737,0.8700069785118103,0,0.2147970050573349,0.9740390181541443,0.07148600369691849,0,-0.8593019843101501,0.15369300544261932,0.4878300130367279,0,0.05251700058579445,0.0796549990773201,0.05785299837589264,1,0.9989399909973145,0.04113899916410446,-0.02062699943780899,0,-0.04291699826717377,0.9945709705352783,-0.09479600191116333,0,0.016614999622106552,0.09558100253343582,0.9952830076217651,0,0.021980000659823418,0.08651500195264816,0,1,0.9973220229148865,-0.06727799773216248,-0.028679000213742256,0,0.06724999845027924,0.997734010219574,-0.0019330000504851341,0,0.02874399907886982,0,0.9995869994163513,0,-0.009847999550402164,0.09419199824333191,0,1,0.951321005821228,-0.30817800760269165,0.0038769999518990517,0,0.3026750087738037,0.9318140149116516,-0.2002750039100647,0,0.058107998222112656,0.19169999659061432,0.9797319769859314,0,0.12092000246047974,0.31066200137138367,-0.010487999767065048,1,0.9985349774360657,0.054099999368190765,-0.00033400001120753586,0,-0.054099999368190765,0.9985359907150269,0.000012000000424450263,0,0.00033400001120753586,0.000006000000212225132,1,0,-0.0020759999752044678,0.08308299630880356,0,1,0.9998769760131836,-0.01533500012010336,0.0031649998854845762,0,0.015636000782251358,0.9670469760894775,-0.2541149854660034,0,0.0008370000286959112,0.25413399934768677,0.9671689867973328,0,0.002429000101983547,0.08299700170755386,0,1,0.9671739935874939,-0.2504580020904541,-0.04294599965214729,0,0.24383999407291412,0.9622910022735596,-0.12057100236415863,0,0.07152500003576279,0.10614100098609924,0.9917749762535095,0,0.039987001568078995,0.308353990316391,-0.017412999644875526,1,0.9935150146484375,0.11170800030231476,0.021189000457525253,0,-0.11120600253343582,0.9158819913864136,0.38573798537254333,0,0.02368300035595894,-0.3855920135974884,0.9223650097846985,0,-0.0051739998161792755,0.08614300191402435,0,1,0.9996849894523621,0.023365000262856483,0.009176000021398067,0,-0.024824999272823334,0.974416971206665,0.22337399423122406,0,-0.0037219999358057976,-0.22353200614452362,0.9746900200843811,0,0.0024939998984336853,0.08588500320911407,0,1,0.9651889801025391,-0.25385600328445435,-0.06298399716615677,0,0.2615469992160797,0.9351379871368408,0.23897799849510193,0,-0.001766999950632453,-0.24713300168514252,0.9689800143241882,0,-0.044840000569820404,0.2629069983959198,-0.015855999663472176,1,0.9906749725341797,0.13267399370670319,0.03100699931383133,0,-0.13290099799633026,0.8908360004425049,0.43445101380348206,0,0.03001900017261505,-0.43452098965644836,0.9001610279083252,0,-0.00725799985229969,0.08541399985551834,0,1,0.9980329871177673,0.06031699851155281,0.01710899919271469,0,-0.062442000955343246,0.9316549897193909,0.3579390048980713,0,0.0056500001810491085,-0.3583030104637146,0.9335880279541016,0,0.002257999964058399,0.07964599877595901,0,1,0.9236230254173279,-0.22303499281406403,-0.3117299973964691,0,0.35234200954437256,0.8142340183258057,0.4613870084285736,0,0.1509149968624115,-0.5359839797019958,0.8306300044059753,0,-0.11606699973344803,0.21008899807929993,-0.011547000147402287,1,0.9845529794692993,0.171206995844841,0.03665199875831604,0,-0.17309199273586273,0.9202690124511719,0.3509199917316437,0,0.026350000873208046,-0.35184401273727417,0.9356880187988281,0,-0.0071840002201497555,0.0709180012345314,0,1,0.999064028263092,0.03504899889230728,0.025359999388456345,0,-0.040536001324653625,0.9631940126419067,0.265735000371933,0,-0.015112999826669693,-0.26651400327682495,0.9637129902839661,0,0.0032259998843073845,0.05860700085759163,0,1,-0.9648439884185791,-0.2100829929113388,-0.15792599320411682,0,-0.10206999629735947,-0.25420498847961426,0.9617490172386169,0,-0.24219299852848053,0.9440580010414124,0.22382499277591705,0,0.2560949921607971,-0.15797199308872223,-0.040674999356269836,1,0.976186990737915,0.18219800293445587,-0.11773999780416489,0,-0.053507000207901,-0.3237510025501251,-0.9446280002593994,0,-0.21022799611091614,0.9284340143203735,-0.3062930107116699,0,0,1.3753329515457153,0,1,0.9319829940795898,0.015625,0.36216598749160767,0,-0.3323169946670532,0.43595799803733826,0.8363639712333679,0,-0.14482100307941437,-0.8998309969902039,0.4114980101585388,0,0,1.2331180572509766,0,1,0.9897800087928772,-0.049219999462366104,0.13383899629116058,0,-0.05172999948263168,0.7506870031356812,0.6586300134658813,0,-0.1328890025615692,-0.6588220000267029,0.7404689788818359,0,0,0.4137510061264038,0,1,-0.9846600294113159,-0.1330530047416687,0.11288099735975266,0,0.1601089984178543,-0.4318239986896515,0.8876330256462097,0,-0.06935799866914749,0.8920900225639343,0.44650301337242126,0,-0.2560949921607971,-0.15797199308872223,-0.039340000599622726,1,0.9429299831390381,-0.2765290141105652,-0.1855120062828064,0,-0.11596199870109558,0.2495419979095459,-0.9613959789276123,0,0.31214699149131775,0.9280409812927246,0.203234001994133,0,0,1.3753269910812378,0,1,0.9128620028495789,0.04671100154519081,-0.4055880010128021,0,0.4081279933452606,-0.0782800018787384,0.9095630049705505,0,0.010737000033259392,-0.9958369731903076,-0.09052299708127975,0,0,1.2327829599380493,0,1,0.9406920075416565,0.11422500014305115,-0.3194560110569,0,0.1610960066318512,0.6783000230789185,0.7169079780578613,0,0.2985750138759613,-0.7258520126342773,0.6196699738502502,0,0,0.41258499026298523,0,1
K0.033,0.9961659908294678,0.006978244986385107,-0.08720095455646515,0,0.05601879209280014,0.7147390246391296,0.6971439719200134,0,0.06719113886356354,-0.699355959892273,0.7116079926490784,0,-0.006597016006708145,2.357415199279785,-0.018601180985569954,1,0.9996830224990845,-0.01605437695980072,-0.019377242773771286,0,0.02005341276526451,0.9734450578689575,0.22804272174835205,0,0.015201167203485966,-0.22835873067378998,0.9734580516815186,0,0,0.28454700112342834,-0.03201499953866005,1,0.9996950030326843,-0.024178147315979004,-0.005103109870105982,0,0.024610156193375587,0.9928060173988342,0.11717776954174042,0,0.002233101287856698,-0.11726777255535126,0.9930980205535889,0,0,0.3340660035610199,0,1,0.9997720122337341,-0.021349143236875534,-0.00004212051135255024,0,0.020663170143961906,0.967132031917572,0.2534347474575043,0,-0.005369911435991526,-0.2533787786960602,0.967352032661438,0,0,0.38179001212120056,0,1,0.9908609390258789,0.13229936361312866,0.026294320821762085,0,-0.11566231399774551,0.9336391687393188,-0.3390292823314667,0,-0.069402314722538,0.33288922905921936,0.9404082298278809,0,0,0.42951399087905884,0,1,0.9993299841880798,0.030557245016098022,0.0201231949031353,0,-0.005984028801321983,0.6790920495986938,-0.7340289354324341,0,-0.03609531372785568,0.7334169149398804,0.6788200736045837,0,0,0.2276429980993271,0.060318998992443085,1,-0.21021494269371033,0.025038989260792732,-0.9773349761962891,0,0.9772700071334839,-0.022689957171678543,-0.21078194677829742,0,-0.027452955022454262,-0.9994289875030518,-0.019700000062584877,0,0.16997399926185608,0.3685550093650818,-0.008461999706923962,1,0.7689688801765442,0.47637662291526794,-0.4263245463371277,0,0.028423568233847618,0.6407382488250732,0.7672327756881714,0,0.6386540532112122,-0.6020960211753845,0.4791678786277771,0,0,0.36368298530578613,0,1,0.8702170252799988,0.41119620203971863,0.2713676989078522,0,-0.4701601266860962,0.8577148914337158,0.20802408456802368,0,-0.14721764624118805,-0.30861297249794006,0.9397260546684265,0,0,0.7414150238037109,0,1,0.9672479629516602,-0.21117320656776428,-0.140842005610466,0,0.25190117955207825,0.8668739199638367,0.43020302057266235,0,0.03124489262700081,-0.45159104466438293,0.891677975654602,0,0,0.7164419889450073,0,1,0.5036860108375549,0.14823700487613678,-0.8510730266571045,0,-0.22421400249004364,0.9738399982452393,0.036924999207258224,0,0.8342829942703247,0.1722240000963211,0.5237470269203186,0,-0.05294099822640419,0.08002900332212448,0.06036200001835823,1,0.9997879862785339,-0.006703999824821949,0.019453000277280807,0,0.008825000375509262,0.9937719702720642,-0.11108099669218063,0,-0.01858700066804886,0.11122900247573853,0.9936209917068481,0,-0.024449000135064125,0.08733200281858444,0,1,0.9969559907913208,0.07787299901247025,0.003746999893337488,0,-0.07788199931383133,0.9969589710235596,0.0025400000158697367,0,-0.0035379999317228794,-0.002824000082910061,0.9999899864196777,0,0.010323000140488148,0.09297499805688858,0,1,0.9331390261650085,0.35913699865341187,-0.016489999368786812,0,-0.3538149893283844,0.9092419743537903,-0.21930399537086487,0,-0.06376700103282928,0.21047599613666534,0.9755169749259949,0,-0.1271979957818985,0.3301219940185547,-0.00661400007084012,1,0.9976149797439575,-0.06895799934864044,-0.0031799999997019768,0,0.06895799934864044,0.9976199865341187,-0.000037999998312443495,0,0.00317499996162951,-0.00018199998885393143,0.9999949932098389,0,0.004093000199645758,0.08040200173854828,0,1,0.9986199736595154,-0.0503849983215332,0.014797000214457512,0,0.05249100178480148,0.9659050107002258,-0.2535189986228943,0,-0.0015190000412985682,0.2539460062980652,0.9672170281410217,0,-0.0012730000307783484,0.07176800072193146,0,1,0.9571880102157593,0.28746700286865234,0.033980999141931534,0,-0.2802349925041199,0.9496610164642334,-0.14004400372505188,0,-0.07252799719572067,0.1245260015130043,0.9895619750022888,0,-0.04712500050663948,0.29318100214004517,-0.022520000115036964,1,0.9939619898796082,-0.10793299973011017,-0.01974100060760975,0,0.10716000199317932,0.9162430167198181,0.386025995016098,0,-0.023576999083161354,-0.3858110010623932,0.9222769737243652,0,0.006639999803155661,0.09613300114870071,0,1,0.9984449744224548,-0.0549359992146492,-0.009417999535799026,0,0.055649999529123306,0.9731109738349915,0.2235109955072403,0,-0.0031139999628067017,-0.223688006401062,0.9746559858322144,0,-0.0018439999548718333,0.08786199986934662,0,1,0.9596149921417236,0.27184098958969116,0.07239499688148499,0,-0.2812019884586334,0.9342420101165771,0.21935699880123138,0,-0.008004000410437584,-0.2308560013771057,0.9729549884796143,0,0.053543999791145325,0.29100799560546875,-0.019807999953627586,1,0.9898809790611267,-0.13847500085830688,-0.030973000451922417,0,0.13812099397182465,0.8902869820594788,0.4339500069618225,0,-0.032515998929739,-0.43383699655532837,0.9004039764404297,0,0.005867999978363514,0.07867699861526489,0,1,0.9988150000572205,-0.04433500021696091,-0.02006700076162815,0,0.048516999930143356,0.9392549991607666,0.3397749960422516,0,0.003783999942243099,-0.34034600853919983,0.94029301404953,0,-0.0028119999915361404,0.07310599833726883,0,1,0.906836986541748,0.29725098609924316,0.2988109886646271,0,-0.40703898668289185,0.801630973815918,0.43784400820732117,0,-0.10938700288534164,-0.518680989742279,0.847940981388092,0,0.12077999860048294,0.2229979932308197,-0.00686099985614419,1,0.9795759916305542,-0.19626399874687195,-0.043710000813007355,0,0.19899199903011322,0.9150710105895996,0.3507789969444275,0,-0.028846999630331993,-0.35231301188468933,0.935437023639679,0,0.007691000122576952,0.058476999402046204,0,1,0.9997050166130066,0.0015409999759867787,-0.024222999811172485,0,0.0050849998369812965,0.9625399708747864,0.2710939943790436,0,0.023733999580144882,-0.271136999130249,0.9622480273246765,0,-0.0036830001045018435,0.057537999004125595,0,1,-0.13977502286434174,-0.047254014760255814,0.9890549778938293,0,-0.9747959971427917,-0.16884107887744904,-0.1458270251750946,0,0.1738840788602829,-0.9845100045204163,-0.02246299758553505,0,-0.16997399926185608,0.3681989908218384,-0.005295000039041042,1,0.8985060453414917,-0.2922605276107788,0.32752126455307007,0,-0.07517059892416,0.632663905620575,0.7707700133323669,0,-0.4324758052825928,-0.717161238193512,0.5464828014373779,0,0,0.36368298530578613,0,1,0.8483707904815674,-0.5270613431930542,-0.049741923809051514,0,0.5193373560905457,0.8103237748146057,0.2714119553565979,0,-0.10274315625429153,-0.2560908794403076,0.9611769914627075,0,0,0.7402600049972534,0,1,0.9176679253578186,0.37013915181159973,0.144508957862854,0,-0.39700812101364136,0.8390589952468872,0.3719739317893982,0,0.016431070864200592,-0.3987199068069458,0.9169250726699829,0,0,0.715919017791748,0,1,0.46417900919914246,-0.1662130057811737,0.8700069785118103,0,0.2147980034351349,0.9740390181541443,0.07148600369691849,0,-0.8593019843101501,0.1536940038204193,0.4878300130367279,0,0.05251700058579445,0.0796549990773201,0.05785299837589264,1,0.9989399909973145,0.04113899916410446,-0.02062699943780899,0,-0.04291699826717377,0.9945709705352783,-0.09479600191116333,0,0.016614999622106552,0.09558100253343582,0.9952830076217651,0,0.021980000659823418,0.08651500195264816,0,1,0.9973220229148865,-0.06727799773216248,-0.028679000213742256,0,0.06724999845027924,0.997734010219574,-0.0019330000504851341,0,0.02874399907886982,0,0.9995869994163513,0,-0.009847999550402164,0.09419199824333191,0,1,0.951321005821228,-0.30817899107933044,0.0038769999518990517,0,0.3026759922504425,0.9318140149116516,-0.2002750039100647,0,0.058107998222112656,0.19169999659061432,0.9797319769859314,0,0.12092000246047974,0.31066200137138367,-0.010487999767065048,1,0.9985349774360657,0.05409900099039078,-0.0003330000035930425,0,-0.05409900099039078,0.9985359907150269,0.000012000000424450263,0,0.00033400001120753586,0.000006000010216666851,1,0,-0.0020759999752044678,0.08308299630880356,0,1,0.9998769760131836,-0.01533500012010336,0.0031640001107007265,0,0.015636000782251358,0.9670479893684387,-0.2541149854660034,0,0.0008370000286959112,0.25413399934768677,0.9671689867973328,0,0.002429000101983547,0.08299700170755386,0,1,0.9671739935874939,-0.2504589855670929,-0.04294599965214729,0,0.2438410073518753,0.9622910022735596,-0.12057100236415863,0,0.07152500003576279,0.10614100098609924,0.9917749762535095,0,0.039987001568078995,0.308353990316391,-0.017412999644875526,1,0.9935150146484375,0.11170800030231476,0.021189000457525253,0,-0.11120600253343582,0.9158819913864136,0.38573798537254333,0,0.02368300035595894,-0.3855920135974884,0.9223650097846985,0,-0.0051739998161792755,0.08614300191402435,0,1,0.9996849894523621,0.023365000262856483,0.009176000021398067,0,-0.024824999272823334,0.974416971206665,0.22337399423122406,0,-0.0037219999358057976,-0.22353099286556244,0.9746900200843811,0,0.0024939998984336853,0.08588500320911407,0,1,0.9651889801025391,-0.25385698676109314,-0.06298399716615677,0,0.2615469992160797,0.9351379871368408,0.23897799849510193,0,-0.001766999950632453,-0.24713200330734253,0.9689800143241882,0,-0.044840000569820404,0.2629069983959198,-0.015855999663472176,1,0.9906749725341797,0.13267399370670319,0.031005999073386192,0,-0.13290099799633026,0.8908360004425049,0.43445101380348206,0,0.03001900017261505,-0.43452098965644836,0.9001610279083252,0,-0.00725799985229969,0.08541399985551834,0,1,0.9980329871177673,0.0603180006146431,0.017109999433159828,0,-0.062442000955343246,0.9316549897193909,0.3579390048980713,0,0.0056500001810491085,-0.3583030104637146,0.9335880279541016,0,0.002257999964058399,0.07964599877595901,0,1,0.9236230254173279,-0.22303499281406403,-0.3117299973964691,0,0.35234200954437256,0.8142340183258057,0.4613870084285736,0,0.1509149968624115,-0.5359830260276794,0.8306300044059753,0,-0.11606699973344803,0.21008899807929993,-0.011547000147402287,1,0.9845529794692993,0.171206995844841,0.03665199875831604,0,-0.17309199273586273,0.9202690124511719,0.3509199917316437,0,0.026350000873208046,-0.35184401273727417,0.9356880187988281,0,-0.0071840002201497555,0.0709180012345314,0,1,0.999064028263092,0.03504899889230728,0.025359999388456345,0,-0.040536001324653625,0.9631940126419067,0.265735000371933,0,-0.015112999826669693,-0.26651400327682495,0.9637129902839661,0,0.0032259998843073845,0.05860700085759163,0,1,-0.9762811064720154,-0.1944933384656906,-0.09511569887399673,0,-0.10993991047143936,0.06687924265861511,0.9916855692863464,0,-0.18651418387889862,0.978620707988739,-0.08667614310979843,0,0.2560949921607971,-0.15797199308872223,-0.040674999356269836,1,0.9815390706062317,0.16441090404987335,-0.09772941470146179,0,-0.055244795978069305,-0.2454778403043747,-0.9678263068199158,0,-0.1831117421388626,0.9553583264350891,-0.23186291754245758,0,0,1.3753329515457153,0,1,0.9283890128135681,0.05961567535996437,0.3667958378791809,0,-0.3497870862483978,0.47345396876335144,0.808387279510498,0,-0.12546882033348083,-0.8787983655929565,0.46040213108062744,0,0,1.2331180572509766,0,1,0.9912369251251221,-0.033270787447690964,0.12783752381801605,0,-0.05618941783905029,0.7696483731269836,0.6359905004501343,0,-0.11955032497644424,-0.6376006007194519,0.7610343098640442,0,0,0.4137510061264038,0,1,-0.9834740161895752,-0.15469905734062195,0.09405682981014252,0,0.17054502665996552,-0.6172084808349609,0.7680935263633728,0,-0.06077079474925995,0.7714415192604065,0.6333914995193481,0,-0.2560949921607971,-0.15797199308872223,-0.039340000599622726,1,0.9238259792327881,-0.31048282980918884,-0.22393229603767395,0,-0.09342966973781586,0.38440752029418945,-0.9184232354164124,0,0.371236115694046,0.8693852424621582,0.32611751556396484,0,0,1.3753269910812378,0,1,0.9128789305686951,0.04187415912747383,-0.406077116727829,0,0.40757110714912415,-0.036964982748031616,0.9124248027801514,0,0.023197080940008163,-0.9984388947486877,-0.05081181600689888,0,0,1.2327829599380493,0,1,0.914995551109314,0.22181406617164612,-0.3370184302330017,0,0.13916578888893127,0.6105362176895142,0.779664933681488,0,0.37870272994041443,-0.7602917551994324,0.5277697443962097,0,0,0.41258499026298523,0,1
