1.100,30,33,65
B0,mixamorig_Hips,-1,0.7315148115158081,0.0646379366517067,-0.678714394569397,0,0.43698468804359436,0.7196725606918335,0.5395286679267883,0,0.5233306884765625,-0.6912963390350342,0.4981980323791504,0,0.11917582899332047,2.080048084259033,-0.014710922725498676,1
B1,mixamorig_Spine,0,0.9995312094688416,-0.029665175825357437,0.00638263626024127,0,0.027315504848957062,0.9711779356002808,0.23674948513507843,0,-0.0132288858294487,-0.23647378385066986,0.9715447425842285,0,0,0.28454700112342834,-0.03201499953866005,1
B2,mixamorig_Spine1,1,0.999865710735321,0.00736546004191041,-0.014486685395240784,0,-0.003991815727204084,0.9754214882850647,0.22030460834503174,0,0.015752140432596207,-0.22021929919719696,0.9753216505050659,0,0,0.3340660035610199,0,1
B3,mixamorig_Spine2,2,0.9999061822891235,0.007919478230178356,-0.01103217713534832,0,-0.0054371594451367855,0.9778896570205688,0.20904318988323212,0,0.012442336417734623,-0.2089657038450241,0.9778426885604858,0,0,0.38179001212120056,0,1
B4,mixamorig_Neck,3,0.9857419729232788,0.04074364900588989,0.16319382190704346,0,-0.013581707142293453,0.9863078594207764,-0.16425320506095886,0,-0.16763870418071747,0.15969038009643555,0.9728184342384338,0,0,0.42951399087905884,0,1
B5,mixamorig_Head,4,0.7907029986381531,0.49418503046035767,0.3613376319408417,0,0.1158229261636734,0.4588109850883484,-0.8809517025947571,0,-0.6011393070220947,0.7384225130081177,0.30554527044296265,0,0,0.2276429980993271,0.060318998992443085,1
B6,mixamorig_HeadTop_End,5,1,0,0,0,0,1,0,0,0,0,1,0,0,0.6589959859848022,0.17461499571800232,1
B7,mixamorig_LeftShoulder,3,0.14656583964824677,-0.03110416792333126,-0.9887111783027649,0,0.9727728366851807,0.18592944741249084,0.13835403323173523,0,0.17952662706375122,-0.9820700287818909,0.057509444653987885,0,0.16997399926185608,0.3685550093650818,-0.008461999706923962,1
B8,mixamorig_LeftArm,7,0.9706941246986389,0.22320933640003204,-0.08895334601402283,0,0.00610751798376441,0.34718772768974304,0.9377724528312683,0,0.24020111560821533,-0.9108394980430603,0.33564502000808716,0,0,0.36368298530578613,0,1
B9,mixamorig_LeftForeArm,8,0.9283651113510132,0.37093013525009155,-0.023202374577522278,0,-0.36748117208480835,0.9254811406135559,0.09181912988424301,0,0.05552900210022926,-0.07672017067670822,0.9955031275749207,0,0,0.7414150238037109,0,1
B10,mixamorig_LeftHand,9,0.970939576625824,0.13354183733463287,0.19859348237514496,0,-0.20599809288978577,0.8887425065040588,0.40950465202331543,0,-0.1218162402510643,-0.43851345777511597,0.8904275894165039,0,0,0.7164419889450073,0,1
B11,mixamorig_LeftHandThumb1,10,0.933817982673645,0.24653004109859467,0.25924399495124817,0,-0.35019901394844055,0.7780200242996216,0.5215799808502197,0,-0.07311099767684937,-0.5778480172157288,0.8128629922866821,0,-0.05294099822640419,0.08002900332212448,0.06036200001835823,1
B12,mixamorig_LeftHandThumb2,11,0.9287880063056946,0.3046720325946808,0.21101699769496918,0,-0.33327001333236694,0.9356780052185059,0.11592400074005127,0,-0.16212500631809235,-0.1779949963092804,0.970583975315094,0,-0.024449000135064125,0.08733200281858444,0,1
B13,mixamorig_LeftHandThumb3,12,0.8843770027160645,0.4577859938144684,-0.09115604311227798,0,-0.4497720003128052,0.8879839777946472,0.09586100280284882,0,0.12482900172472,-0.043777044862508774,0.991212010383606,0,0.010323000140488148,0.09297499805688858,0,1
B14,mixamorig_LeftHandThumb4,13,1,0,0,0,0,1,0,0,0,0,1,0,0.014125999994575977,0.07835999876260757,0,1
B15,mixamorig_LeftHandIndex1,10,0.9093940258026123,0.41130900382995605,-0.061868954449892044,0,-0.41551199555397034,0.8916500210762024,-0.17974799871444702,0,-0.01876699924468994,0.1891690045595169,0.9817649722099304,0,-0.1271979957818985,0.3301219940185547,-0.00661400007084012,1
B16,mixamorig_LeftHandIndex2,15,0.996882975101471,-0.07836800068616867,-0.009129044599831104,0,0.07808300107717514,0.9633690118789673,0.2565610110759735,0,-0.011311000213027,-0.25647398829460144,0.9664850234985352,0,0.004093000199645758,0.08040200173854828,0,1
B17,mixamorig_LeftHandIndex3,16,0.9979590177536011,-0.0638590008020401,-0.0009289999725297093,0,0.063850998878479,0.9973270297050476,0.03552500158548355,0,-0.0013429999817162752,-0.03551200032234192,0.9993680119514465,0,-0.0012730000307783484,0.07176800072193146,0,1
B18,mixamorig_LeftHandIndex4,17,1,0,0,0,0,1,0,0,0,0,1,0,-0.002819000044837594,0.0575300008058548,0,1
B19,mixamorig_LeftHandMiddle1,10,0.9569470286369324,0.2878830134868622,0.037094999104738235,0,-0.2890869975090027,0.9567480087280273,0.032590001821517944,0,-0.026108000427484512,-0.04191099852323532,0.9987800121307373,0,-0.04712500050663948,0.29318100214004517,-0.022520000115036964,1
B20,mixamorig_LeftHandMiddle2,19,0.9946489930152893,-0.1022220030426979,-0.014940000139176846,0,0.10254999995231628,0.9594799876213074,0.26245298981666565,0,-0.012493999674916267,-0.2625809907913208,0.9648290276527405,0,0.006639999803155661,0.09613300114870071,0,1
B21,mixamorig_LeftHandMiddle3,20,0.9988250136375427,-0.04845599830150604,0.00015700000221841037,0,0.04823099821805954,0.9944919943809509,0.09305904805660248,0,-0.004664999898523092,-0.09294299781322479,0.9956610202789307,0,-0.0018439999548718333,0.08786199986934662,0,1
B22,mixamorig_LeftHandMiddle4,21,1,0,0,0,0,1,0,0,0,0,1,0,-0.004796000197529793,0.07533500343561172,0,1
B23,mixamorig_LeftHandRing1,10,0.9998700022697449,-0.003476999932900071,0.015713000670075417,0,0.0004330000083427876,0.9818490147590637,0.18966203927993774,0,-0.01608699932694435,-0.18963100016117096,0.9817240238189697,0,0.053543999791145325,0.29100799560546875,-0.019807999953627586,1
B24,mixamorig_LeftHandRing2,23,0.9863630533218384,-0.1514119952917099,-0.06451000273227692,0,0.14311300218105316,0.5955029726028442,0.7905030250549316,0,-0.08127599954605103,-0.7889549732208252,0.6090520024299622,0,0.005867999978363514,0.07867699861526489,0,1
B25,mixamorig_LeftHandRing3,24,0.9973139762878418,-0.05327000096440315,-0.050269000232219696,0,0.07283899933099747,0.7933989763259888,0.604328989982605,0,0.007691000122576952,-0.6063669919967651,0.7951480150222778,0,-0.0028119999915361404,0.07310599833726883,0,1
B26,mixamorig_LeftHandRing4,25,1,0,0,0,0,1,0,0,0,0,1,0,-0.0030559999868273735,0.05968699976801872,0,1
B27,mixamorig_LeftHandPinky1,10,0.9943429827690125,-0.08451499789953232,0.06433604657649994,0,0.07036495208740234,0.9778640270233154,0.19705599546432495,0,-0.07956604659557343,-0.1914139986038208,0.9782789945602417,0,0.12077999860048294,0.2229979932308197,-0.00686099985614419,1
B28,mixamorig_LeftHandPinky2,27,0.9798669815063477,-0.1840279996395111,-0.0774260014295578,0,0.17422699928283691,0.5987809896469116,0.781732976436615,0,-0.09749999642372131,-0.77948397397995,0.61878901720047,0,0.007691000122576952,0.058476999402046204,0,1
B29,mixamorig_LeftHandPinky3,28,0.9991059899330139,0.0048019555397331715,-0.0419900007545948,0,0.022505000233650208,0.7805200219154358,0.6247259974479675,0,0.035773999989032745,-0.6251130104064941,0.7797139883041382,0,-0.0036830001045018435,0.057537999004125595,0,1
B30,mixamorig_LeftHandPinky4,29,1,0,0,0,0,1,0,0,0,0,1,0,-0.004009000025689602,0.04541200026869774,0,1
B31,mixamorig_RightShoulder,3,0.18380703032016754,-0.019359134137630463,0.9827701449394226,0,-0.9667320251464844,0.17735633254051208,0.1843012124300003,0,-0.17786802351474762,-0.9839538931846619,0.013887714594602585,0,-0.16997399926185608,0.3681989908218384,-0.005295000039041042,1
B32,mixamorig_RightArm,31,0.17491544783115387,0.155265673995018,-0.9722546339035034,0,0.41618385910987854,0.8832401037216187,0.2158968299627304,0,0.8922537565231323,-0.44241398572921753,0.08989205211400986,0,0,0.36368298530578613,0,1
B33,mixamorig_RightForeArm,32,0.39654576778411865,-0.9136160612106323,-0.08974149078130722,0,0.9171014428138733,0.38990139961242676,0.08306612819433212,0,-0.04089866951107979,-0.11524024605751038,0.9924935102462769,0,0,0.7402600049972534,0,1
B34,mixamorig_RightHand,33,0.5731388926506042,-0.2784584164619446,0.770695686340332,0,0.6415257453918457,0.7376337051391602,-0.21056616306304932,0,-0.5098568797111511,0.6151048541069031,0.6014068126678467,0,0,0.715919017791748,0,1
B35,mixamorig_RightHandThumb1,34,0.9672799706459045,-0.15995299816131592,-0.19693595170974731,0,0.25311100482940674,0.661666989326477,0.705784022808075,0,0.017412999644875526,-0.7325379848480225,0.6805030703544617,0,0.05251700058579445,0.0796549990773201,0.05785299837589264,1
B36,mixamorig_RightHandThumb2,35,0.9723849892616272,-0.21987704932689667,-0.07823999971151352,0,0.21770800650119781,0.9753730297088623,-0.03535899892449379,0,0.08408799767494202,0.01734899915754795,0.9963070154190063,0,0.021980000659823418,0.08651500195264816,0,1
B37,mixamorig_RightHandThumb3,36,0.955331027507782,0.23270100355148315,-0.1821880042552948,0,-0.2505429983139038,0.9646570086479187,-0.08164200186729431,0,0.15675100684165955,0.1236409991979599,0.9798679947853088,0,-0.009847999550402164,0.09419199824333191,0,1
B38,mixamorig_RightHandThumb4,37,1,0,0,0,0,1,0,0,0,0,1,0,-0.012133000418543816,0.0746849998831749,0,1
B39,mixamorig_RightHandIndex1,34,0.9868379831314087,-0.1613609939813614,-0.01066100038588047,0,0.15554100275039673,0.965146005153656,-0.21047599613666534,0,0.04425204545259476,0.20604699850082397,0.9775410294532776,0,0.12092000246047974,0.31066200137138367,-0.010487999767065048,1
B40,mixamorig_RightHandIndex2,39,0.9982399940490723,0.05922200158238411,0.003102000104263425,0,-0.0592069998383522,0.9922800064086914,0.10897199809551239,0,0.003375000087544322,-0.10896395891904831,0.9940400123596191,0,-0.0020759999752044678,0.08308299630880356,0,1
B41,mixamorig_RightHandIndex3,40,0.9999939799308777,-0.002157999901100993,0.002581000095233321,0,0.002076999982818961,0.9995260238647461,0.0307180006057024,0,-0.0026459998916834593,-0.030712999403476715,0.9995250105857849,0,0.002429000101983547,0.08299700170755386,0,1
B42,mixamorig_RightHandIndex4,41,1,0,0,0,0,1,0,0,0,0,1,0,-0.0003530000103637576,0.05992899835109711,0,1
B43,mixamorig_RightHandMiddle1,34,0.9817150235176086,-0.18660999834537506,-0.03758800029754639,0,0.18652699887752533,0.982433021068573,-0.005733000114560127,0,0.037997953593730927,-0.0013830000534653664,0.9992769956588745,0,0.039987001568078995,0.308353990316391,-0.017412999644875526,1
B44,mixamorig_RightHandMiddle2,43,0.9953290224075317,0.09616299718618393,0.008585000410676003,0,-0.09652300179004669,0.9892290234565735,0.11003799736499786,0,0.0020890000741928816,-0.1103530004620552,0.9938899874687195,0,-0.0051739998161792755,0.08614300191402435,0,1
B45,mixamorig_RightHandMiddle3,44,0.9998970031738281,0.014226955361664295,0.0017340000486001372,0,-0.01431300025433302,0.997435986995697,0.07011199742555618,0,-0.0007319999858736992,-0.07012999802827835,0.9975379705429077,0,0.0024939998984336853,0.08588500320911407,0,1
B46,mixamorig_RightHandMiddle4,45,1,0,0,0,0,1,0,0,0,0,1,0,0.00267999991774559,0.06950999796390533,0,1
B47,mixamorig_RightHandRing1,34,0.9966880083084106,-0.07911600172519684,-0.018831999972462654,0,0.0808810442686081,0.9400990009307861,0.3311670124530792,0,-0.008496000431478024,-0.33159300684928894,0.9433839917182922,0,-0.044840000569820404,0.2629069983959198,-0.015855999663472176,1
B48,mixamorig_RightHandRing2,47,0.9910910129547119,0.1302720010280609,0.027695000171661377,0,-0.13124099373817444,0.9199010133743286,0.36953699588775635,0,0.02266399934887886,-0.36987900733947754,0.928803026676178,0,-0.00725799985229969,0.08541399985551834,0,1
B49,mixamorig_RightHandRing3,48,0.9976990222930908,0.06178395450115204,0.02793104387819767,0,-0.06778795272111893,0.8997349739074707,0.4311400055885315,0,0.0015069555956870317,-0.4320409893989563,0.9018530249595642,0,0.002257999964058399,0.07964599877595901,0,1
B50,mixamorig_RightHandRing4,49,1,0,0,0,0,1,0,0,0,0,1,0,0.004999999888241291,0.06913899630308151,0,1
B51,mixamorig_RightHandPinky1,34,0.9922500252723694,0.11370900273323059,0.050106000155210495,0,-0.12400304526090622,0.8802870512008667,0.4579490125179291,0,0.007965000346302986,-0.4606130123138428,0.887565016746521,0,-0.11606699973344803,0.21008899807929993,-0.011547000147402287,1
B52,mixamorig_RightHandPinky2,51,0.9824029803276062,0.1775600016117096,0.057934001088142395,0,-0.176487997174263,0.7810109853744507,0.5990610122680664,0,0.061122000217437744,-0.5987439751625061,0.7986050248146057,0,-0.0071840002201497555,0.0709180012345314,0,1
B53,mixamorig_RightHandPinky3,52,0.9950850009918213,0.03718699887394905,0.09177400171756744,0,-0.09794899821281433,0.505702018737793,0.8571299910545349,0,-0.014535999856889248,-0.8619060516357422,0.5068590044975281,0,0.0032259998843073845,0.05860700085759163,0,1
B54,mixamorig_RightHandPinky4,53,1,0,0,0,0,1,0,0,0,0,1,0,0.003957999870181084,0.0517750009894371,0,1
B55,mixamorig_LeftUpLeg,0,-0.9899311065673828,-0.13296552002429962,0.047017283737659454,0,0.054977040737867355,-0.054962027817964554,0.9967596530914307,0,-0.12995903193950653,0.9893069267272949,0.061714205890893936,0,0.2560949921607971,-0.15797199308872223,-0.040674999356269836,1
B56,mixamorig_LeftLeg,55,0.9022156596183777,0.419921875,-0.09820698946714401,0,-0.09382365643978119,-0.03126639127731323,-0.9949979186058044,0,-0.42086032032966614,0.9069395065307617,0.011197814717888832,0,0,1.3753329515457153,0,1
B57,mixamorig_LeftFoot,56,0.809821605682373,-0.5374132394790649,0.23474052548408508,0,-0.1691959649324417,0.16898562014102936,0.970954418182373,0,-0.5614776611328125,-0.8260459303855896,0.046014655381441116,0,0,1.2331180572509766,0,1
B58,mixamorig_LeftToeBase,57,0.9643154740333557,-0.00876166857779026,0.26460185647010803,0,-0.1458878070116043,0.8164315819740295,0.558708131313324,0,-0.22092440724372864,-0.5773717761039734,0.786022424697876,0,0,0.4137510061264038,0,1
B59,mixamorig_LeftToe_End,58,1,0,0,0,0,1,0,0,0,0,1,0,0,0.16649700701236725,0,1
B60,mixamorig_RightUpLeg,0,-0.9271498918533325,0.22728218138217926,-0.297823041677475,0,-0.21510446071624756,0.32778820395469666,0.9198565483093262,0,0.3066449463367462,0.9169497489929199,-0.25505685806274414,0,-0.2560949921607971,-0.15797199308872223,-0.039340000599622726,1
B61,mixamorig_RightLeg,60,0.9464998245239258,-0.3225146234035492,-0.008610718883574009,0,0.20926545560359955,0.6341038942337036,-0.7440391182899475,0,0.24557280540466309,0.7024086713790894,0.6677069067955017,0,0,1.3753269910812378,0,1
B62,mixamorig_RightFoot,61,0.9541972875595093,-0.1539236605167389,-0.25646182894706726,0,0.2429233342409134,0.8986560106277466,0.3644362986087799,0,0.17423835396766663,-0.4100400507450104,0.8949612379074097,0,0,1.2327829599380493,0,1
B63,mixamorig_RightToeBase,62,0.9842272996902466,-0.03530794009566307,-0.17334656417369843,0,0.12095507234334946,0.8493691086769104,0.5137500762939453,0,0.12909498810768127,-0.5266145467758179,0.8402430415153503,0,0,0.41258499026298523,0,1
B64,mixamorig_RightToe_End,63,1,0,0,0,0,1,0,0,0,0,1,0,0,0.16634300351142883,0,1
@52,0,1,2,3,4,5,7,8,9,10,11,12,13,15,16,17,19,20,21,23,24,25,27,28,29,31,32,33,34,35,36,37,39,40,41,43,44,45,47,48,49,51,52,53,55,56,57,58,60,61,62,63
K0.000,0.8396009802818298,0.03007500059902668,-0.5423700213432312,0,0.33660000562667847,0.7548649907112122,0.5629209876060486,0,0.4263460040092468,-0.6551910042762756,0.623661994934082,0,-0.012663999572396278,2.088120937347412,0.0026130001060664654,1,0.9989640116691589,0.004292000085115433,-0.04530800133943558,0,0.008969999849796295,0.9574519991874695,0.28845399618148804,0,0.04461799934506416,-0.28856199979782104,0.9564210176467896,0,0,0.28454700112342834,-0.03201499953866005,1,0.9999849796295166,-0.0026130001060664654,-0.004790999926626682,0,0.003727999981492758,0.9682419896125793,0.24998800456523895,0,0.003986000083386898,-0.2500019967556,0.9682369828224182,0,0,0.3340660035610199,0,1,0.9999889731407166,-0.0019120000069960952,-0.004286999814212322,0,0.002877000020816922,0.9712780117988586,0.23792800307273865,0,0.0037090000696480274,-0.23793800175189972,0.9712730050086975,0,0,0.38179001212120056,0,1,0.9937360286712646,-0.021862000226974487,0.10959599912166595,0,0.041728001087903976,0.9823369979858398,-0.18240700662136078,0,-0.10367300361394882,0.1858370006084442,0.9770960211753845,0,0,0.42951399087905884,0,1,0.8005459904670715,0.518589973449707,0.3003169894218445,0,0.07216300070285797,0.4140689969062805,-0.9073799848556519,0,-0.5949109792709351,0.748071014881134,0.2940579950809479,0,0,0.2276429980993271,0.060318998992443085,1,0.12985199689865112,-0.030399000272154808,-0.9910669922828674,0,0.9738379716873169,0.1919029951095581,0.12170899659395218,0,0.18648900091648102,-0.9809430241584778,0.05452200025320053,0,0.16997399926185608,0.3685550093650818,-0.008461999706923962,1,0.9825630187988281,0.182109996676445,-0.03750399872660637,0,-0.03341900184750557,0.371398001909256,0.9278720021247864,0,0.18290400505065918,-0.9104390144348145,0.3710080087184906,0,0,0.36368298530578613,0,1,0.884477972984314,0.46620801091194153,0.01869400031864643,0,-0.4664100110530853,0.8823490142822266,0.06262899935245514,0,0.012703999876976013,-0.06411299854516983,0.9978619813919067,0,0,0.7414150238037109,0,1,0.9702420234680176,0.14277000725269318,0.19557000696659088,0,-0.21011599898338318,0.8978319764137268,0.38697299361228943,0,-0.12034100294113159,-0.41655001044273376,0.901112973690033,0,0,0.7164419889450073,0,1,0.933817982673645,0.24653099477291107,0.25924399495124817,0,-0.35019901394844055,0.7780200242996216,0.5215799808502197,0,-0.07311099767684937,-0.5778470039367676,0.8128640055656433,0,-0.05294099822640419,0.08002900332212448,0.06036200001835823,1,0.9287880063056946,0.3046720027923584,0.21101699769496918,0,-0.33327001333236694,0.9356780052185059,0.11592400074005127,0,-0.16212500631809235,-0.1779949963092804,0.970583975315094,0,-0.024449000135064125,0.08733200281858444,0,1,0.8843770027160645,0.4577859938144684,-0.09115699678659439,0,-0.4497720003128052,0.8879839777946472,0.09586100280284882,0,0.12482900172472,-0.04377700015902519,0.991212010383606,0,0.010323000140488148,0.09297499805688858,0,1,0.9093940258026123,0.41130900382995605,-0.06186800077557564,0,-0.41551199555397034,0.8916500210762024,-0.17974799871444702,0,-0.01876699924468994,0.1891690045595169,0.9817649722099304,0,-0.1271979957818985,0.3301219940185547,-0.00661400007084012,1,0.996882975101471,-0.07836800068616867,-0.009128999896347523,0,0.07808300107717514,0.9633690118789673,0.2565610110759735,0,-0.011311000213027,-0.25647398829460144,0.9664850234985352,0,0.004093000199645758,0.08040200173854828,0,1,0.9979590177536011,-0.0638590008020401,-0.0009289999725297093,0,0.063850998878479,0.9973270297050476,0.03552500158548355,0,-0.0013419999741017818,-0.03551200032234192,0.9993680119514465,0,-0.0012730000307783484,0.07176800072193146,0,1,0.9569470286369324,0.2878830134868622,0.037094999104738235,0,-0.2890869975090027,0.9567480087280273,0.032590001821517944,0,-0.026108000427484512,-0.04191099852323532,0.9987800121307373,0,-0.04712500050663948,0.29318100214004517,-0.022520000115036964,1,0.9946489930152893,-0.1022220030426979,-0.014940000139176846,0,0.10254999995231628,0.9594799876213074,0.26245298981666565,0,-0.012493999674916267,-0.2625809907913208,0.9648290276527405,0,0.006639999803155661,0.09613300114870071,0,1,0.9988250136375427,-0.04845599830150604,0.00015700000221841037,0,0.04823099821805954,0.9944919943809509,0.0930590033531189,0,-0.004664999898523092,-0.09294299781322479,0.9956610202789307,0,-0.0018439999548718333,0.08786199986934662,0,1,0.9998700022697449,-0.003476999932900071,0.015713000670075417,0,0.00043399998685345054,0.9818490147590637,0.18966199457645416,0,-0.016087999567389488,-0.18963100016117096,0.9817240238189697,0,0.053543999791145325,0.29100799560546875,-0.019807999953627586,1,0.9863640069961548,-0.1514119952917099,-0.06451000273227692,0,0.14311300218105316,0.5955029726028442,0.7905030250549316,0,-0.08127599954605103,-0.7889549732208252,0.6090520024299622,0,0.005867999978363514,0.07867699861526489,0,1,0.9973139762878418,-0.05327000096440315,-0.050269000232219696,0,0.07283899933099747,0.7933989763259888,0.604328989982605,0,0.007691000122576952,-0.6063669919967651,0.7951480150222778,0,-0.0028119999915361404,0.07310599833726883,0,1,0.9943429827690125,-0.08451499789953232,0.06433700025081635,0,0.07036499679088593,0.9778640270233154,0.19705599546432495,0,-0.07956700026988983,-0.1914139986038208,0.9782789945602417,0,0.12077999860048294,0.2229979932308197,-0.00686099985614419,1,0.9798669815063477,-0.1840279996395111,-0.0774260014295578,0,0.17422699928283691,0.5987809896469116,0.781732976436615,0,-0.09749999642372131,-0.77948397397995,0.6187880039215088,0,0.007691000122576952,0.058476999402046204,0,1,0.9991059899330139,0.004801000002771616,-0.0419900007545948,0,0.022505000233650208,0.7805200219154358,0.6247259974479675,0,0.035773999989032745,-0.6251130104064941,0.7797139883041382,0,-0.0036830001045018435,0.057537999004125595,0,1,0.21650700271129608,-0.017819000408053398,0.9761180281639099,0,-0.9630039930343628,0.16043199598789215,0.21652700006961823,0,-0.1604589968919754,-0.9868860244750977,0.01757499948143959,0,-0.16997399926185608,0.3681989908218384,-0.005295000039041042,1,0.24085700511932373,0.17044900357723236,-0.9554759860038757,0,0.47088900208473206,0.8403059840202332,0.2686060070991516,0,0.8486760258674622,-0.514618992805481,0.12213099747896194,0,0,0.36368298530578613,0,1,0.36644500494003296,-0.9273080229759216,-0.07627099752426147,0,0.9284970164299011,0.35915499925613403,0.09434600174427032,0,-0.06009500101208687,-0.10538999736309052,0.9926139712333679,0,0,0.7402600049972534,0,1,0.5616379976272583,-0.2912920117378235,0.7744110226631165,0,0.6579350233078003,0.7247639894485474,-0.2045460045337677,0,-0.5016819834709167,0.6243929862976074,0.5987060070037842,0,0,0.715919017791748,0,1,0.9672799706459045,-0.15995299816131592,-0.1969359964132309,0,0.25311100482940674,0.661666989326477,0.705784022808075,0,0.017413999885320663,-0.7325379848480225,0.6805030107498169,0,0.05251700058579445,0.0796549990773201,0.05785299837589264,1,0.9723849892616272,-0.21987800300121307,-0.07823999971151352,0,0.21770800650119781,0.9753730297088623,-0.03535899892449379,0,0.08408799767494202,0.01734899915754795,0.9963070154190063,0,0.021980000659823418,0.08651500195264816,0,1,0.955331027507782,0.23270100355148315,-0.1821880042552948,0,-0.2505429983139038,0.9646570086479187,-0.08164200186729431,0,0.15675100684165955,0.1236409991979599,0.9798679947853088,0,-0.009847999550402164,0.09419199824333191,0,1,0.9868379831314087,-0.1613609939813614,-0.010661999695003033,0,0.15554100275039673,0.965146005153656,-0.21047599613666534,0,0.04425299912691116,0.20604699850082397,0.9775410294532776,0,0.12092000246047974,0.31066200137138367,-0.010487999767065048,1,0.9982399940490723,0.05922200158238411,0.003102000104263425,0,-0.0592069998383522,0.9922800064086914,0.1089709997177124,0,0.003375000087544322,-0.1089629977941513,0.9940400123596191,0,-0.0020759999752044678,0.08308299630880356,0,1,0.9999939799308777,-0.002157999901100993,0.002580000087618828,0,0.002076999982818961,0.9995260238647461,0.030719000846147537,0,-0.002644999884068966,-0.030712999403476715,0.9995250105857849,0,0.002429000101983547,0.08299700170755386,0,1,0.9817150235176086,-0.18660999834537506,-0.03758800029754639,0,0.18652699887752533,0.982433021068573,-0.005733000114560127,0,0.03799699991941452,-0.0013830000534653664,0.9992769956588745,0,0.039987001568078995,0.308353990316391,-0.017412999644875526,1,0.9953290224075317,0.09616299718618393,0.008585000410676003,0,-0.09652300179004669,0.9892290234565735,0.11003799736499786,0,0.0020890000741928816,-0.1103530004620552,0.9938899874687195,0,-0.0051739998161792755,0.08614300191402435,0,1,0.9998970031738281,0.01422599982470274,0.0017340000486001372,0,-0.01431300025433302,0.997435986995697,0.07011199742555618,0,-0.0007319999858736992,-0.07012899965047836,0.9975379705429077,0,0.0024939998984336853,0.08588500320911407,0,1,0.9966880083084106,-0.07911600172519684,-0.018831999972462654,0,0.08088099956512451,0.9400990009307861,0.3311670124530792,0,-0.008496000431478024,-0.33159300684928894,0.9433839917182922,0,-0.044840000569820404,0.2629069983959198,-0.015855999663472176,1,0.9910910129547119,0.1302720010280609,0.027695000171661377,0,-0.13124099373817444,0.9199010133743286,0.36953699588775635,0,0.02266399934887886,-0.36987999081611633,0.928803026676178,0,-0.00725799985229969,0.08541399985551834,0,1,0.9976990222930908,0.06178399920463562,0.027931999415159225,0,-0.06778699904680252,0.8997349739074707,0.4311400055885315,0,0.0015059999423101544,-0.4320409893989563,0.9018530249595642,0,0.002257999964058399,0.07964599877595901,0,1,0.9922500252723694,0.11370900273323059,0.050106000155210495,0,-0.12400399893522263,0.8802869915962219,0.4579490125179291,0,0.007965000346302986,-0.4606130123138428,0.887565016746521,0,-0.11606699973344803,0.21008899807929993,-0.011547000147402287,1,0.9824029803276062,0.1775600016117096,0.057934001088142395,0,-0.176487997174263,0.7810109853744507,0.5990610122680664,0,0.061122000217437744,-0.5987439751625061,0.7986050248146057,0,-0.0071840002201497555,0.0709180012345314,0,1,0.9950850009918213,0.03718699887394905,0.09177400171756744,0,-0.09794899821281433,0.505702018737793,0.8571299910545349,0,-0.014535999856889248,-0.8619059920310974,0.5068590044975281,0,0.0032259998843073845,0.05860700085759163,0,1,-0.9842979907989502,-0.17528100311756134,0.020833000540733337,0,-0.024910999462008476,0.25478601455688477,0.9666770100593567,0,-0.1747480034828186,0.9509789943695068,-0.25515100359916687,0,0.2560949921607971,-0.15797199308872223,-0.040674999356269836,1,0.9880629777908325,0.14215700328350067,-0.05935699865221977,0,-0.02164500020444393,-0.2533760070800781,-0.9671260118484497,0,-0.1525229960680008,0.9568660259246826,-0.2472739964723587,0,0,1.3753329515457153,0,1,0.9333320260047913,0.04507799819111824,0.35617199540138245,0,-0.33903300762176514,0.43701300024986267,0.8331120014190674,0,-0.11809699982404709,-0.8983250260353088,0.42316100001335144,0,0,1.2331180572509766,0,1,0.9640060067176819,-0.011103999800980091,0.2656469941139221,0,-0.14795200526714325,0.8077419996261597,0.5706689953804016,0,-0.22091099619865417,-0.5894320011138916,0.7770259976387024,0,0,0.4137510061264038,0,1,-0.966713011264801,-0.2447350025177002,0.07463099807500839,0,0.06069900095462799,0.06399600207805634,0.996101975440979,0,-0.24855700135231018,0.9674760103225708,-0.04701000079512596,0,-0.2560949921607971,-0.15797199308872223,-0.039340000599622726,1,0.9911699891090393,-0.1295969933271408,0.028054000809788704,0,0.024038000032305717,-0.0324460007250309,-0.9991840124130249,0,0.13040100038051605,0.9910359978675842,-0.029044000431895256,0,0,1.3753269910812378,0,1,0.8855370283126831,-0.051917001605033875,-0.4616590142250061,0,0.45631301403045654,-0.08930700272321701,0.8853260278701782,0,-0.08719299733638763,-0.9946500062942505,-0.05539499968290329,0,0,1.2327829599380493,0,1,0.967536985874176,0.0040350002236664295,-0.2526969909667969,0,0.1418219953775406,0.818930983543396,0.5560929775238037,0,0.20918500423431396,-0.5738779902458191,0.7917739748954773,0,0,0.41258499026298523,0,1
K0.033,0.8261778950691223,0.024203946813941002,-0.5628901720046997,0,0.356743186712265,0.7508130073547363,0.5558908581733704,0,0.43607908487319946,-0.6600720286369324,0.6116698980331421,0,-0.03286714479327202,2.0919458866119385,0.02434626594185829,1,0.9993939995765686,0.008654049597680569,-0.03372890502214432,0,0.0014399257488548756,0.9575210213661194,0.28835800290107727,0,0.03479192405939102,-0.2882319986820221,0.956928014755249,0,0,0.28454700112342834,-0.03201499953866005,1,0.9999989867210388,0.0012780361576005816,-0.0010959720239043236,0,-0.0009630420245230198,0.9681699872016907,0.25029298663139343,0,0.0013809819938614964,-0.25029098987579346,0.9681699872016907,0,0,0.3340660035610199,0,1,0.9999979734420776,0.0019360361620783806,-0.0004489699495024979,0,-0.0017730422550812364,0.971215009689331,0.23819699883460999,0,0.0008969794143922627,-0.23819600045681,0.9712169766426086,0,0,0.38179001212120056,0,1,0.9937000274658203,-0.019697997719049454,0.11032600700855255,0,0.040802001953125,0.980459988117218,-0.19244103133678436,0,-0.10437900573015213,0.1957300454378128,0.9750869870185852,0,0,0.42951399087905884,0,1,0.8032469749450684,0.513454020023346,0.30192503333091736,0,0.07217399775981903,0.41925302147865295,-0.9049959778785706,0,-0.5912569761276245,0.748727023601532,0.29970604181289673,0,0,0.2276429980993271,0.060318998992443085,1,0.1312360167503357,-0.030345000326633453,-0.9908869862556458,0,0.9735479950904846,0.1925230175256729,0.12304400652647018,0,0.18703500926494598,-0.9808229804039001,0.054809004068374634,0,0.16997399926185608,0.3685550093650818,-0.008461999706923962,1,0.980417013168335,0.1927010864019394,-0.040619079023599625,0,-0.03451896458864212,0.3712170124053955,0.9279040098190308,0,0.19388611614704132,-0.9083309769630432,0.37059900164604187,0,0,0.36368298530578613,0,1,0.8887249827384949,0.45829394459724426,0.011574947275221348,0,-0.45807793736457825,0.8867350220680237,0.06217898428440094,0,0.018232036381959915,-0.06056196615099907,0.9979979991912842,0,0,0.7414150238037109,0,1,0.9713690280914307,0.13268589973449707,0.19707201421260834,0,-0.20305192470550537,0.8943139314651489,0.3987131118774414,0,-0.12334004044532776,-0.4273131191730499,0.8956509232521057,0,0,0.7164419889450073,0,1,0.933817982673645,0.24653099477291107,0.25924399495124817,0,-0.35019901394844055,0.7780200242996216,0.5215799808502197,0,-0.07311099767684937,-0.5778480172157288,0.8128629922866821,0,-0.05294099822640419,0.08002900332212448,0.06036200001835823,1,0.9287880063056946,0.3046720027923584,0.21101699769496918,0,-0.33327001333236694,0.9356780052185059,0.11592400074005127,0,-0.16212500631809235,-0.1779949963092804,0.970583975315094,0,-0.024449000135064125,0.08733200281858444,0,1,0.8843770027160645,0.4577859938144684,-0.09115699678659439,0,-0.4497720003128052,0.8879839777946472,0.09586100280284882,0,0.12482900172472,-0.04377700015902519,0.991212010383606,0,0.010323000140488148,0.09297499805688858,0,1,0.9093940258026123,0.41130900382995605,-0.06186800077557564,0,-0.41551199555397034,0.8916500210762024,-0.17974799871444702,0,-0.01876699924468994,0.1891690045595169,0.9817649722099304,0,-0.1271979957818985,0.3301219940185547,-0.00661400007084012,1,0.996882975101471,-0.07836800068616867,-0.00913000013679266,0,0.07808300107717514,0.9633690118789673,0.2565610110759735,0,-0.011311000213027,-0.25647398829460144,0.9664850234985352,0,0.004093000199645758,0.08040200173854828,0,1,0.9979590177536011,-0.0638590008020401,-0.0009280000231228769,0,0.063850998878479,0.9973270297050476,0.03552500158548355,0,-0.0013429999817162752,-0.03551200032234192,0.9993680119514465,0,-0.0012730000307783484,0.07176800072193146,0,1,0.9569470286369324,0.2878830134868622,0.037094999104738235,0,-0.2890869975090027,0.9567480087280273,0.032590001821517944,0,-0.026108000427484512,-0.04191099852323532,0.9987800121307373,0,-0.04712500050663948,0.29318100214004517,-0.022520000115036964,1,0.9946489930152893,-0.1022220030426979,-0.014940000139176846,0,0.10254999995231628,0.9594799876213074,0.26245298981666565,0,-0.012493999674916267,-0.2625809907913208,0.9648290276527405,0,0.006639999803155661,0.09613300114870071,0,1,0.9988250136375427,-0.04845599830150604,0.00015700000221841037,0,0.04823099821805954,0.9944919943809509,0.0930590033531189,0,-0.004664999898523092,-0.09294299781322479,0.9956610202789307,0,-0.0018439999548718333,0.08786199986934662,0,1,0.999871015548706,-0.003476999932900071,0.015713000670075417,0,0.00043399998685345054,0.9818490147590637,0.18966299295425415,0,-0.01608699932694435,-0.18963100016117096,0.9817240238189697,0,0.053543999791145325,0.29100799560546875,-0.019807999953627586,1,0.9863640069961548,-0.1514109969139099,-0.06451000273227692,0,0.14311300218105316,0.5955029726028442,0.7905030250549316,0,-0.08127599954605103,-0.7889549732208252,0.6090520024299622,0,0.005867999978363514,0.07867699861526489,0,1,0.9973139762878418,-0.05327000096440315,-0.050269000232219696,0,0.07283899933099747,0.7933989763259888,0.604328989982605,0,0.007691000122576952,-0.6063669919967651,0.7951480150222778,0,-0.0028119999915361404,0.07310599833726883,0,1,0.9943429827690125,-0.08451499789953232,0.06433600187301636,0,0.07036499679088593,0.9778640270233154,0.19705599546432495,0,-0.07956600189208984,-0.1914139986038208,0.9782789945602417,0,0.12077999860048294,0.2229979932308197,-0.00686099985614419,1,0.9798669815063477,-0.1840279996395111,-0.0774260014295578,0,0.17422699928283691,0.5987809896469116,0.781732976436615,0,-0.09749999642372131,-0.77948397397995,0.6187880039215088,0,0.007691000122576952,0.058476999402046204,0,1,0.9991059899330139,0.004801999777555466,-0.0419900007545948,0,0.022505000233650208,0.7805200219154358,0.6247259974479675,0,0.035773999989032745,-0.6251130104064941,0.7797139883041382,0,-0.0036830001045018435,0.057537999004125595,0,1,0.21534699201583862,-0.017306998372077942,0.9763839840888977,0,-0.9638389945030212,0.15695098042488098,0.21536198258399963,0,-0.1569719910621643,-0.9874550104141235,0.01711699552834034,0,-0.16997399926185608,0.3681989908218384,-0.005295000039041042,1,0.23885498940944672,0.16574493050575256,-0.9568049907684326,0,0.4764229953289032,0.8385819792747498,0.264198899269104,0,0.8461499810218811,-0.5189489722251892,0.12133502215147018,0,0,0.36368298530578613,0,1,0.3750620186328888,-0.9243029952049255,-0.07065591961145401,0,0.925104022026062,0.3683350682258606,0.0922589898109436,0,-0.05925001949071884,-0.09996692836284637,0.9932249784469604,0,0,0.7402600049972534,0,1,0.5595499873161316,-0.2939859926700592,0.7749040126800537,0,0.6608240008354187,0.722553014755249,-0.20304900407791138,0,-0.500216007232666,0.6256909966468811,0.5985779762268066,0,0,0.715919017791748,0,1,0.9672799706459045,-0.15995299816131592,-0.1969359964132309,0,0.25311100482940674,0.661666989326477,0.705784022808075,0,0.017413999885320663,-0.7325379848480225,0.6805040240287781,0,0.05251700058579445,0.0796549990773201,0.05785299837589264,1,0.9723849892616272,-0.21987800300121307,-0.07823999971151352,0,0.21770800650119781,0.9753730297088623,-0.03535899892449379,0,0.08408799767494202,0.01734899915754795,0.9963070154190063,0,0.021980000659823418,0.08651500195264816,0,1,0.955331027507782,0.23270100355148315,-0.1821880042552948,0,-0.2505429983139038,0.9646570086479187,-0.08164200186729431,0,0.15675100684165955,0.1236409991979599,0.9798679947853088,0,-0.009847999550402164,0.09419199824333191,0,1,0.9868379831314087,-0.1613609939813614,-0.010661999695003033,0,0.15554000437259674,0.965146005153656,-0.21047599613666534,0,0.04425299912691116,0.20604699850082397,0.9775410294532776,0,0.12092000246047974,0.31066200137138367,-0.010487999767065048,1,0.9982399940490723,0.05922200158238411,0.003102000104263425,0,-0.0592069998383522,0.9922800064086914,0.1089709997177124,0,0.003375000087544322,-0.1089629977941513,0.9940400123596191,0,-0.0020759999752044678,0.08308299630880356,0,1,0.9999939799308777,-0.002157999901100993,0.002580000087618828,0,0.002076999982818961,0.9995260238647461,0.030719000846147537,0,-0.002644999884068966,-0.030712999403476715,0.9995250105857849,0,0.002429000101983547,0.08299700170755386,0,1,0.9817150235176086,-0.18660899996757507,-0.03758800029754639,0,0.18652600049972534,0.982433021068573,-0.005733000114560127,0,0.03799799829721451,-0.0013830000534653664,0.9992769956588745,0,0.039987001568078995,0.308353990316391,-0.017412999644875526,1,0.9953290224075317,0.09616299718618393,0.008585000410676003,0,-0.09652300179004669,0.9892290234565735,0.11003799736499786,0,0.0020890000741928816,-0.1103530004620552,0.9938899874687195,0,-0.0051739998161792755,0.08614300191402435,0,1,0.9998970031738281,0.014227000065147877,0.0017340000486001372,0,-0.01431300025433302,0.997435986995697,0.07011199742555618,0,-0.0007319999858736992,-0.07012899965047836,0.9975379705429077,0,0.0024939998984336853,0.08588500320911407,0,1,0.9966880083084106,-0.07911600172519684,-0.018831999972462654,0,0.08088099956512451,0.9400990009307861,0.3311670124530792,0,-0.008496000431478024,-0.33159300684928894,0.9433839917182922,0,-0.044840000569820404,0.2629069983959198,-0.015855999663472176,1,0.9910910129547119,0.1302720010280609,0.027695000171661377,0,-0.13124099373817444,0.9199010133743286,0.36953699588775635,0,0.02266399934887886,-0.36987900733947754,0.928803026676178,0,-0.00725799985229969,0.08541399985551834,0,1,0.9976990222930908,0.06178399920463562,0.027931999415159225,0,-0.06778699904680252,0.8997349739074707,0.4311400055885315,0,0.0015059999423101544,-0.4320409893989563,0.9018530249595642,0,0.002257999964058399,0.07964599877595901,0,1,0.9922500252723694,0.11370900273323059,0.050106000155210495,0,-0.12400399893522263,0.8802880048751831,0.4579479992389679,0,0.007965000346302986,-0.4606130123138428,0.8875659704208374,0,-0.11606699973344803,0.21008899807929993,-0.011547000147402287,1,0.9824029803276062,0.1775600016117096,0.057934001088142395,0,-0.176487997174263,0.7810109853744507,0.5990610122680664,0,0.061122000217437744,-0.5987439751625061,0.7986050248146057,0,-0.0071840002201497555,0.0709180012345314,0,1,0.9950850009918213,0.03718699887394905,0.09177400171756744,0,-0.09794899821281433,0.505702018737793,0.8571299910545349,0,-0.014535999856889248,-0.8619059920310974,0.5068590044975281,0,0.0032259998843073845,0.05860700085759163,0,1,-0.9566035866737366,-0.28833311796188354,0.04211209714412689,0,0.0005524592706933618,0.14272281527519226,0.9897620677947998,0,-0.29139211773872375,0.9468337297439575,-0.13636966049671173,0,0.2560949921607971,-0.15797199308872223,-0.040674999356269836,1,0.986471951007843,0.13965937495231628,-0.08584218472242355,0,-0.04017504304647446,-0.3017171323299408,-0.9525509476661682,0,-0.1589324176311493,0.9431129097938538,-0.29202404618263245,0,0,1.3753329515457153,0,1,0.9343109726905823,-0.016916712746024132,0.35605791211128235,0,-0.3137965500354767,0.4348243772983551,0.8440729379653931,0,-0.16910170018672943,-0.9003567695617676,0.40095219016075134,0,0,1.2331180572509766,0,1,0.9662190079689026,-0.012286006473004818,0.25742894411087036,0,-0.14282895624637604,0.8059120178222656,0.5745480060577393,0,-0.21452395617961884,-0.5919079780578613,0.7769330143928528,0,0,0.4137510061264038,0,1,-0.9728010892868042,-0.22237172722816467,0.06487787514925003,0,0.036800794303417206,0.1281595379114151,0.9910709261894226,0,-0.22870072722434998,0.9665020108222961,-0.11649058014154434,0,-0.2560949921607971,-0.15797199308872223,-0.039340000599622726,1,0.9904320240020752,-0.13592207431793213,0.02388497069478035,0,0.022499002516269684,-0.011724771000444889,-0.9996780157089233,0,0.1361580789089203,0.9906499981880188,-0.008553771302103996,0,0,1.3753269910812378,0,1,0.889102041721344,-0.06397305428981781,-0.45321589708328247,0,0.4539889395236969,-0.0027281392831355333,0.8910030126571655,0,-0.05823666602373123,-0.9979479312896729,0.026616789400577545,0,0,1.2327829599380493,0,1,0.9685189723968506,-0.0017970256740227342,-0.24893401563167572,0,0.1425980180501938,0.8236669898033142,0.5488519668579102,0,0.20405299961566925,-0.5670709609985352,0.797993004322052,0,0,0.41258499026298523,0,1
