1.367,30,41,65
B0,mixamorig_Hips,-1,0.9988057017326355,0.04613838717341423,0.015253284014761448,0,-0.04719461873173714,0.995729923248291,0.07922879606485367,0,-0.01152392290532589,-0.07984159886837006,0.9967284202575684,0,0.009505866095423698,2.978116989135742,-0.0533432811498642,1
B1,mixamorig_Spine,0,0.9994022250175476,-0.01045147329568863,-0.03280371055006981,0,0.017514344304800034,0.9746175408363342,0.22318395972251892,0,0.029639609158039093,-0.22362768650054932,0.9742184281349182,0,0,0.3405719995498657,0.006136999931186438,1
B2,mixamorig_Spine1,1,0.9983304738998413,-0.016603467985987663,-0.05489736422896385,0,0.02256937325000763,0.9936459064483643,0.11019882559776306,0,0.052726343274116516,-0.11127226799726486,0.9923670887947083,0,0,0.39739900827407837,0,1
B3,mixamorig_Spine2,2,0.9983267784118652,-0.01585167832672596,-0.05524066835641861,0,0.012352433055639267,0.997943103313446,-0.06283776462078094,0,0.05612695589661598,0.06204092502593994,0.9964712262153625,0,0,0.45416998863220215,0,1
B4,mixamorig_Neck,3,0.9931510090827942,0.06421031057834625,0.09739044308662415,0,-0.054471179842948914,0.9933993816375732,-0.10012634843587875,0,-0.10312776267528534,0.09411966800689697,0.9901171326637268,0,0,0.5109410285949707,0,1
B5,mixamorig_Head,4,0.9970431327819824,-0.03009832836687565,0.07061987370252609,0,0.03761767968535423,0.9934834837913513,-0.10753189027309418,0,-0.06692709773778915,0.10986742377281189,0.9916796684265137,0,0,0.25516700744628906,0.05134100094437599,1
B6,mixamorig_HeadTop_End,5,1,0,0,0,0,1,0,0,0,0,1,0,0,0.817982017993927,0.1645819991827011,1
B7,mixamorig_LeftShoulder,3,0.17581263184547424,-0.005750343669205904,-0.9841022491455078,0,0.8361624479293823,-0.5264485478401184,0.15243178606033325,0,-0.5189586877822876,-0.850184977054596,-0.08779100328683853,0,0.29218900203704834,0.43046900629997253,0.002019000006839633,1
B8,mixamorig_LeftArm,7,0.9978747367858887,0.05033113807439804,-0.02201640047132969,0,-0.025032859295606613,0.7757163047790527,0.629833459854126,0,0.04854211211204529,-0.6289311051368713,0.7756330966949463,0,0,0.5462509989738464,0,1
B9,mixamorig_LeftForeArm,8,0.713513195514679,0.2570761442184448,-0.651633083820343,0,-0.22270022332668304,0.9651123881340027,0.136902317404747,0,0.664158284664154,0.04743069410324097,0.7460622787475586,0,0,0.74058598279953,0,1
B10,mixamorig_LeftHand,9,0.9600511789321899,-0.008812357671558857,0.27928444743156433,0,0.04279853403568268,0.9921625852584839,-0.11599253118038177,0,-0.27598029375076294,0.12327256053686142,0.9531506299972534,0,0,0.5798069834709167,0,1
B11,mixamorig_LeftHandThumb1,10,0.7918058037757874,0.5513078570365906,-0.26287251710891724,0,-0.4857633709907532,0.8293297290802002,0.2761256694793701,0,0.3702389597892761,-0.09094420075416565,0.9244734644889832,0,-0.07745599746704102,0.10966599732637405,0.055188000202178955,1
B12,mixamorig_LeftHandThumb2,11,0.9540308117866516,-0.2893145978450775,0.07824111729860306,0,0.2612268924713135,0.9306759834289551,0.25612956285476685,0,-0.14692002534866333,-0.22391723096370697,0.963470458984375,0,-0.01920199953019619,0.1145310029387474,0,1
B13,mixamorig_LeftHandThumb3,12,0.9977536797523499,0.024162597954273224,-0.0624801442027092,0,-0.027486633509397507,0.9982214570045471,-0.05289604142308235,0,0.0610911026597023,0.054494597017765045,0.9966434836387634,0,-0.0011739999754354358,0.10552600026130676,0,1
B14,mixamorig_LeftHandThumb4,13,1,0,0,0,0,1,0,0,0,0,1,0,0.020376000553369522,0.08500000089406967,0,1
B15,mixamorig_LeftHandIndex1,10,0.9916611909866333,0.11858727037906647,0.05044309422373772,0,-0.12879742681980133,0.9250354766845703,0.35737675428390503,0,-0.0042810263112187386,-0.3608939051628113,0.9325957894325256,0,-0.13315099477767944,0.2904280126094818,-0.0026030000299215317,1
B16,mixamorig_LeftHandIndex2,15,0.9767972826957703,0.10057348757982254,-0.18907979130744934,0,0.06212656944990158,0.7118432521820068,0.6995795369148254,0,0.2049548178911209,-0.6950940489768982,0.6890783309936523,0,0.00004400000034365803,0.09230999648571014,0,1
B17,mixamorig_LeftHandIndex3,16,0.9897948503494263,0.058018140494823456,-0.1301513910293579,0,0.015101460739970207,0.8655094504356384,0.5006595849990845,0,0.1416948437690735,-0.49751606583595276,0.8558007478713989,0,-0.00019799999427050352,0.0896650031208992,0,1
B18,mixamorig_LeftHandIndex4,17,1,0,0,0,0,1,0,0,0,0,1,0,0.0001539999939268455,0.06658899784088135,0,1
B19,mixamorig_LeftHandMiddle1,10,0.9944308996200562,0.06631390005350113,0.08190688490867615,0,-0.10039780288934708,0.832387387752533,0.545020580291748,0,-0.032036252319812775,-0.5502089262008667,0.8344099521636963,0,-0.04796700179576874,0.2971610128879547,-0.0073090000078082085,1
B20,mixamorig_LeftHandMiddle2,19,0.9994035363197327,0.030752718448638916,0.015699276700615883,0,-0.03081102855503559,0.5890843868255615,0.8074808716773987,0,0.015584569424390793,-0.8074831366539001,0.5896801948547363,0,0.000058000001445179805,0.10977999866008759,0,1
B21,mixamorig_LeftHandMiddle3,20,0.9996399283409119,0.025472672656178474,0.008465155959129333,0,-0.024669460952281952,0.7475147247314453,0.6637841463088989,0,0.010580580681562424,-0.6637537479400635,0.747873842716217,0,0.000022000000171829015,0.10393299907445908,0,1
B22,mixamorig_LeftHandMiddle4,21,1,0,0,0,0,1,0,0,0,0,1,0,-0.00007999999797903001,0.0852380022406578,0,1
B23,mixamorig_LeftHandRing1,10,0.9688106179237366,0.24737517535686493,0.014514746144413948,0,-0.22066600620746613,0.8345937132835388,0.5047363042831421,0,0.11274540424346924,-0.49219661951065063,0.8631507754325867,0,0.04982500150799751,0.30143800377845764,-0.0035570000763982534,1
B24,mixamorig_LeftHandRing2,23,0.9707146286964417,-0.0702572762966156,0.2297324240207672,0,-0.14884918928146362,0.5747080445289612,0.8047042489051819,0,-0.18856555223464966,-0.8153336048126221,0.547420084476471,0,0.00007400000322377309,0.09521199762821198,0,1
B25,mixamorig_LeftHandRing3,24,0.9830909371376038,-0.02729032374918461,0.1810731291770935,0,-0.10003172606229782,0.7482226490974426,0.6558586359024048,0,-0.15338106453418732,-0.6628818511962891,0.732840895652771,0,-0.00011500000255182385,0.08806899935007095,0,1
B26,mixamorig_LeftHandRing4,25,1,0,0,0,0,1,0,0,0,0,1,0,0.00004199999966658652,0.07123199850320816,0,1
B27,mixamorig_LeftHandPinky1,10,0.920515775680542,0.39070001244544983,0.0016200683312490582,0,-0.33247995376586914,0.7811554670333862,0.5284423828125,0,0.20519694685935974,-0.4869779646396637,0.8489667773246765,0,0.13129399716854095,0.2804589867591858,-0.0038419999182224274,1
B28,mixamorig_LeftHandPinky2,27,0.9324967265129089,-0.1001901775598526,0.3470034599304199,0,-0.1684577465057373,0.7292057871818542,0.6632334589958191,0,-0.31948646903038025,-0.6769180297851562,0.6631043553352356,0,0.000048999998398358,0.06959400326013565,0,1
B29,mixamorig_LeftHandPinky3,28,0.9466738104820251,-0.07221899181604385,0.31399497389793396,0,-0.1352841556072235,0.7953861951828003,0.5908100605010986,0,-0.29241466522216797,-0.601783037185669,0.743200957775116,0,-0.000015999999959603883,0.05757899954915047,0,1
B30,mixamorig_LeftHandPinky4,29,1,0,0,0,0,1,0,0,0,0,1,0,-0.00003400000059627928,0.044165000319480896,0,1
B31,mixamorig_RightShoulder,3,0.03789845108985901,-0.12291868776082993,0.9916908144950867,0,-0.81467604637146,-0.5783960819244385,-0.040535472333431244,0,0.5785735249519348,-0.8063693642616272,-0.12206576764583588,0,-0.29218900203704834,0.4304490089416504,0.0008820000221021473,1
B32,mixamorig_RightArm,31,0.8516302704811096,-0.37472397089004517,-0.36638498306274414,0,0.5063542723655701,0.7685577869415283,0.3909780979156494,0,0.13508020341396332,-0.5184780955314636,0.8443315029144287,0,0,0.5462509989738464,0,1
B33,mixamorig_RightForeArm,32,0.8087738156318665,-0.44402074813842773,0.38537734746932983,0,0.4355911314487457,0.8927182555198669,0.11461174488067627,0,-0.3948538303375244,0.07523809373378754,0.9155699610710144,0,0,0.7406920194625854,0,1
B34,mixamorig_RightHand,33,0.9531697034835815,0.05827198177576065,-0.2967557907104492,0,-0.048889439553022385,0.9980431795120239,0.03894162178039551,0,0.2984459698200226,-0.022606637328863144,0.9541559219360352,0,0,0.5796729922294617,0,1
B35,mixamorig_RightHandThumb1,34,0.8285226225852966,-0.5522280931472778,0.09269023686647415,0,0.5098255276679993,0.8124034404754639,0.2829824686050415,0,-0.2315729707479477,-0.18720203638076782,0.9546340703964233,0,0.08036299794912338,0.11533699929714203,0.05984799936413765,1
B36,mixamorig_RightHandThumb2,35,0.9604853391647339,0.222831591963768,-0.1667710393667221,0,-0.2064194232225418,0.9722340703010559,0.11022656410932541,0,0.18670259416103363,-0.07144669443368912,0.9798132181167603,0,0.01828099973499775,0.12085200101137161,0,1
B37,mixamorig_RightHandThumb3,36,0.9933378100395203,0.10802330821752548,0.04013786092400551,0,-0.10660973191261292,0.9936556816101074,-0.035824257880449295,0,-0.04375286027789116,0.03130662441253662,0.9985516667366028,0,-0.00355300004594028,0.10638000071048737,0,1
B38,mixamorig_RightHandThumb4,37,1,0,0,0,0,1,0,0,0,0,1,0,-0.0147280003875494,0.087117999792099,0,1
B39,mixamorig_RightHandIndex1,34,0.9817360639572144,-0.060904666781425476,-0.1802314817905426,0,0.08620116114616394,0.986941933631897,0.13604815304279327,0,0.16959227621555328,-0.14909999072551727,0.9741666913032532,0,0.13586999475955963,0.30501899123191833,-0.0039450000040233135,1
B40,mixamorig_RightHandIndex2,39,0.9900026321411133,-0.03463281691074371,0.13672885298728943,0,-0.008432401344180107,0.9531170129776001,0.3024493157863617,0,-0.14079423248767853,-0.30057787895202637,0.9432961940765381,0,-0.00004600000102072954,0.09388499706983566,0,1
B41,mixamorig_RightHandIndex3,40,0.9965208172798157,-0.014923585578799248,0.0819956436753273,0,0.0017326785018667579,0.9873315691947937,0.15862202644348145,0,-0.08332528173923492,-0.15792810916900635,0.9839223027229309,0,0.00011500000255182385,0.0881590023636818,0,1
B42,mixamorig_RightHandIndex4,41,1,0,0,0,0,1,0,0,0,0,1,0,-0.00006900000153109431,0.06693100184202194,0,1
B43,mixamorig_RightHandMiddle1,34,0.983283519744873,-0.04532948136329651,-0.17634433507919312,0,0.09180296212434769,0.9598143100738525,0.2651776671409607,0,0.15723831951618195,-0.2769339978694916,0.9479311108589172,0,0.04127399995923042,0.3024280071258545,-0.00482300017029047,1
B44,mixamorig_RightHandMiddle2,43,0.9994717240333557,-0.031087666749954224,-0.00944418366998434,0,0.03139018639922142,0.848895251750946,0.527614951133728,0,-0.008386027999222279,-0.5276329517364502,0.8494228720664978,0,-0.00016599999798927456,0.11099299788475037,0,1
B45,mixamorig_RightHandMiddle3,44,0.9997355341911316,-0.0226131659001112,-0.0041045513935387135,0,0.022407207638025284,0.9193644523620605,0.39275601506233215,0,-0.005108172539621592,-0.3927440047264099,0.9196281433105469,0,-0.000003999999989900971,0.10498099774122238,0,1
B46,mixamorig_RightHandMiddle4,45,1,0,0,0,0,1,0,0,0,0,1,0,0.00016999999934341758,0.08984799683094025,0,1
B47,mixamorig_RightHandRing1,34,0.9875016212463379,-0.10115080326795578,-0.1208563894033432,0,0.14125414192676544,0.908135712146759,0.39412516355514526,0,0.06988696753978729,-0.40626972913742065,0.9110745787620544,0,-0.048353999853134155,0.31809601187705994,-0.004681999795138836,1
B48,mixamorig_RightHandRing2,47,0.9838173389434814,0.008721563033759594,-0.1789592206478119,0,0.09357984364032745,0.8267442584037781,0.554729163646698,0,0.1527908742427826,-0.5624992847442627,0.8125492930412292,0,-0.00006600000051548705,0.09055499732494354,0,1
B49,mixamorig_RightHandRing3,48,0.9935171008110046,-0.0141981840133667,-0.11278995871543884,0,0.05143696814775467,0.9409410953521729,0.33462002873420715,0,0.10137660801410675,-0.33825236558914185,0.9355713129043579,0,0.00020500000391621143,0.08966799825429916,0,1
B50,mixamorig_RightHandRing4,49,1,0,0,0,0,1,0,0,0,0,1,0,-0.00013899999612476677,0.06740099936723709,0,1
B51,mixamorig_RightHandPinky1,34,0.9824622273445129,-0.17270806431770325,-0.07025478035211563,0,0.18618229031562805,0.8886445760726929,0.4190974533557892,0,-0.00995110347867012,-0.42482590675354004,0.905217707157135,0,-0.1287900060415268,0.2949860095977783,0.00043200000072829425,1
B52,mixamorig_RightHandPinky2,51,0.9572525024414062,0.029038075357675552,-0.28779175877571106,0,0.11867132037878036,0.8679331541061401,0.48229050636291504,0,0.2637890577316284,-0.4958263635635376,0.8273845911026001,0,0.000014000000192027073,0.06775300204753876,0,1
B53,mixamorig_RightHandPinky3,52,0.9694118499755859,0.013196269981563091,-0.2450830042362213,0,0.08670555800199509,0.9157572388648987,0.39225780963897705,0,0.22961300611495972,-0.4015093147754669,0.8866015672683716,0,-0.000022000000171829015,0.05780699849128723,0,1
B54,mixamorig_RightHandPinky4,53,1,0,0,0,0,1,0,0,0,0,1,0,0.000007999999979801942,0.04340200126171112,0,1
B55,mixamorig_LeftUpLeg,0,-0.9880659580230713,-0.10399909317493439,0.11352992802858353,0,0.15297597646713257,-0.7459996342658997,0.6477503776550293,0,0.017233720049262047,0.6573935151100159,0.7530276775360107,0,0.2857249975204468,-0.18941399455070496,0.04547400027513504,1
B56,mixamorig_LeftLeg,55,0.9788379073143005,-0.20453126728534698,0.0027841413393616676,0,0.07267013192176819,0.33447590470314026,-0.937842607498169,0,0.19120436906814575,0.9181655049324036,0.3422629237174988,0,0,1.2810159921646118,0,1
B57,mixamorig_LeftFoot,56,0.9894187450408936,-0.14212729036808014,0.0270326416939497,0,0.06467314809560776,0.6026682257652283,0.7950458526611328,0,-0.1294465810060501,-0.7848691344261169,0.6055576205253601,0,0,1.3940869569778442,0,1
B58,mixamorig_LeftToeBase,57,0.9978469610214233,0.04300040751695633,-0.04668177664279938,0,0.000021357325749704614,0.7233782410621643,0.6871975064277649,0,0.06386885792016983,-0.6858270168304443,0.7217625975608826,0,0,0.45636001229286194,0,1
B59,mixamorig_LeftToe_End,58,1,0,0,0,0,1,0,0,0,0,1,0,0,0.2066970020532608,0,1
B60,mixamorig_RightUpLeg,0,-0.9835108518600464,0.14244408905506134,-0.11141703277826309,0,-0.17133960127830505,-0.9299883842468262,0.32346007227897644,0,-0.05759385973215103,0.3372248113155365,0.9390561580657959,0,-0.2857249975204468,-0.18941399455070496,0.04634400084614754,1
B61,mixamorig_RightLeg,60,0.9735558032989502,0.226596400141716,0.026677437126636505,0,-0.15694113075733185,0.7485237717628479,-0.6435298919677734,0,-0.16586540639400482,0.6223320960998535,0.7642771601676941,0,0,1.2810050249099731,0,1
B62,mixamorig_RightFoot,61,0.9968551993370056,-0.05721678212285042,-0.05480251833796501,0,0.060338232666254044,0.10007325559854507,0.9931454658508301,0,-0.05133969336748123,-0.9933287501335144,0.10321115702390671,0,0,1.3930740356445312,0,1
B63,mixamorig_RightToeBase,62,0.9896655082702637,-0.12452921271324158,-0.07091420888900757,0,0.1423114538192749,0.9102041125297546,0.3886529505252838,0,0.016180098056793213,-0.3947441875934601,0.9185178279876709,0,0,0.44698598980903625,0,1
B64,mixamorig_RightToe_End,63,1,0,0,0,0,1,0,0,0,0,1,0,0,0.20729799568653107,0,1
@52,0,1,2,3,4,5,7,8,9,10,11,12,13,15,16,17,19,20,21,23,24,25,27,28,29,31,32,33,34,35,36,37,39,40,41,43,44,45,47,48,49,51,52,53,55,56,57,58,60,61,62,63
K0.000,0.9987459778785706,0.0484279990196228,0.012726999819278717,0,-0.049302998930215836,0.9954890012741089,0.08106700330972672,0,-0.008743000216782093,-0.08159299939870834,0.9966269731521606,0,0.006901000160723925,2.972404956817627,-0.047192998230457306,1,0.9994750022888184,-0.010293999686837196,-0.030719999223947525,0,0.01692100055515766,0.9744430184364319,0.22399599850177765,0,0.027628999203443527,-0.22439800202846527,0.9741060137748718,0,0,0.3405719995498657,0.006136999931186438,1,0.9986039996147156,-0.015251999720931053,-0.05057400092482567,0,0.02084599994122982,0.9934899806976318,0.11199499666690826,0,0.0485370010137558,-0.1128930002450943,0.9924209713935852,0,0,0.39739900827407837,0,1,0.9985820055007935,-0.014619000256061554,-0.05118900164961815,0,0.011481000110507011,0.9980679750442505,-0.061069000512361526,0,0.051982998847961426,0.06039400026202202,0.9968199729919434,0,0,0.45416998863220215,0,1,0.9936630129814148,0.06120400130748749,0.09427600353956223,0,-0.050923001021146774,0.9928629994392395,-0.1078450009226799,0,-0.1002039983868599,0.10236100107431412,0.989687979221344,0,0,0.5109410285949707,0,1,0.9971609711647034,-0.03103799931704998,0.06859800219535828,0,0.038176000118255615,0.9937040209770203,-0.10532999783754349,0,-0.06489700078964233,0.10764999687671661,0.9920679926872253,0,0,0.25516700744628906,0.05134100094437599,1,0.19179199635982513,-0.0060789999552071095,-0.9814170002937317,0,0.8331149816513062,-0.5275779962539673,0.16607800126075745,0,-0.5187829732894897,-0.8494849801063538,-0.09611999988555908,0,0.29218900203704834,0.43046900629997253,0.002019000006839633,1,0.9983699917793274,0.05706600099802017,0.00016599999798927456,0,-0.04463300108909607,0.7790369987487793,0.6253870129585266,0,0.035558998584747314,-0.6243749856948853,0.7803149819374084,0,0,0.5462509989738464,0,1,0.7157509922981262,0.2484239935874939,-0.652675986289978,0,-0.21369600296020508,0.9676700234413147,0.1339700073003769,0,0.6648569703102112,0.043584998697042465,0.7456979751586914,0,0,0.74058598279953,0,1,0.9597179889678955,0.0009399999980814755,0.2809630036354065,0,0.03170900046825409,0.9932429790496826,-0.1116349995136261,0,-0.2791689932346344,0.11604700237512589,0.9532039761543274,0,0,0.5798069834709167,0,1,0.7915989756584167,0.5512710213661194,-0.2635740041732788,0,-0.4856649935245514,0.829397976398468,0.276093989610672,0,0.37081098556518555,-0.09054700285196304,0.9242839813232422,0,-0.07745599746704102,0.10966599732637405,0.055188000202178955,1,0.9540359973907471,-0.28940901160240173,0.07782900333404541,0,0.2613210082054138,0.9304850101470947,0.25672900676727295,0,-0.14671899378299713,-0.22459100186824799,0.9633449912071228,0,-0.01920199953019619,0.1145310029387474,0,1,0.9977399706840515,0.024228999391198158,-0.06267599761486053,0,-0.027564000338315964,0.9982190132141113,-0.05290000140666962,0,0.06128299981355667,0.05450800061225891,0.9966310262680054,0,-0.0011739999754354358,0.10552600026130676,0,1,0.9916560053825378,0.11884099990129471,0.049952998757362366,0,-0.12886199355125427,0.9246730208396912,0.35829299688339233,0,-0.0036100000143051147,-0.36174100637435913,0.9322720170021057,0,-0.13315099477767944,0.2904280126094818,-0.0026030000299215317,1,0.9767259955406189,0.10099200159311295,-0.18922600150108337,0,0.06233400106430054,0.7104859948158264,0.7009459733963013,0,0.20523199439048767,-0.6964269876480103,0.687654972076416,0,0.00004400000034365803,0.09230999648571014,0,1,0.9897580146789551,0.05827400088310242,-0.13031800091266632,0,0.015177000313997269,0.8647580146789551,0.5019590258598328,0,0.1419440060853958,-0.4987959861755371,0.8550170063972473,0,-0.00019799999427050352,0.0896650031208992,0,1,0.9944549798965454,0.06643299758434296,0.08151700347661972,0,-0.10032500326633453,0.8316810131072998,0.546114981174469,0,-0.031516000628471375,-0.5512650012969971,0.8337349891662598,0,-0.04796700179576874,0.2971610128879547,-0.0073090000078082085,1,0.9994019865989685,0.030778000131249428,0.015734000131487846,0,-0.03082899935543537,0.5878099799156189,0.8084120154380798,0,0.015633000060915947,-0.8084139823913574,0.5884069800376892,0,0.000058000001445179805,0.10977999866008759,0,1,0.9996389746665955,0.02550099976360798,0.008488000370562077,0,-0.024692000821232796,0.7466359734535217,0.664775013923645,0,0.010614999569952488,-0.6647440195083618,0.7469959855079651,0,0.000022000000171829015,0.10393299907445908,0,1,0.9686689972877502,0.24795299768447876,0.014134000055491924,0,-0.2209170013666153,0.8342480063438416,0.5051990151405334,0,0.11347399652004242,-0.49249300360679626,0.8628870248794556,0,0.04982500150799751,0.30143800377845764,-0.0035570000763982534,1,0.9706509709358215,-0.07055699825286865,0.2299100011587143,0,-0.14910900592803955,0.5734969973564148,0.8055229783058167,0,-0.1886879950761795,-0.8161630034446716,0.5461450219154358,0,0.00007400000322377309,0.09521199762821198,0,1,0.983036994934082,-0.02753400057554245,0.18132899701595306,0,-0.10026200115680695,0.7471870183944702,0.6570069789886475,0,-0.15357600152492523,-0.6640430092811584,0.7317519783973694,0,-0.00011500000255182385,0.08806899935007095,0,1,0.9201599955558777,0.3915410041809082,0.0014299999456852674,0,-0.33299899101257324,0.7806479930877686,0.5288670063018799,0,0.20595599710941315,-0.48711898922920227,0.8487030267715454,0,0.13129399716854095,0.2804589867591858,-0.0038419999182224274,1,0.9323809742927551,-0.10050299763679504,0.34722399711608887,0,-0.1687059998512268,0.7285500168800354,0.6638919711112976,0,-0.319692999124527,-0.6775789856910706,0.6623309850692749,0,0.000048999998398358,0.06959400326013565,0,1,0.9465659856796265,-0.07249800115823746,0.3142560124397278,0,-0.13551899790763855,0.7947949767112732,0.5915529727935791,0,-0.29265499114990234,-0.6025320291519165,0.7425010204315186,0,-0.000015999999959603883,0.05757899954915047,0,1,0.0383480004966259,-0.12423299998044968,0.9915120005607605,0,-0.8188689947128296,-0.5725799798965454,-0.040070999413728714,0,0.5726979970932007,-0.8103820085525513,-0.1236879974603653,0,-0.29218900203704834,0.4304490089416504,0.0008820000221021473,1,0.8534839749336243,-0.3696199953556061,-0.3673489987850189,0,0.5022100210189819,0.7715619802474976,0.3904840052127838,0,0.1391019970178604,-0.5177580118179321,0.8441429734230042,0,0,0.5462509989738464,0,1,0.8145220279693604,-0.43821099400520325,0.3801639974117279,0,0.4277859926223755,0.8963239789009094,0.11662600189447403,0,-0.39185699820518494,0.06763400137424469,0.9175369739532471,0,0,0.7406920194625854,0,1,0.9536679983139038,0.05722999945282936,-0.29536598920822144,0,-0.04805000126361847,0.9981120228767395,0.038249000906944275,0,0.296997994184494,-0.02228499948978424,0.954617977142334,0,0,0.5796729922294617,0,1,0.8286740183830261,-0.5521939992904663,0.09154800325632095,0,0.5100039839744568,0.8122810125350952,0.2830120027065277,0,-0.2306399941444397,-0.1878349930047989,0.9547370076179504,0,0.08036299794912338,0.11533699929714203,0.05984799936413765,1,0.9604499936103821,0.22254100441932678,-0.16736499965190887,0,-0.20627200603485107,0.9723799824714661,0.10922200232744217,0,0.18704800307750702,-0.07038000226020813,0.9798259735107422,0,0.01828099973499775,0.12085200101137161,0,1,0.9933390021324158,0.10812900215387344,0.03982900083065033,0,-0.1067269966006279,0.9936450123786926,-0.035773999989032745,0,-0.04344400018453598,0.03128499910235405,0.9985659718513489,0,-0.00355300004594028,0.10638000071048737,0,1,0.9815850257873535,-0.06083400174975395,-0.18108099699020386,0,0.08599799871444702,0.9871709942817688,0.13452699780464172,0,0.17057399451732635,-0.1476230025291443,0.9742239713668823,0,0.13586999475955963,0.30501899123191833,-0.0039450000040233135,1,0.9900760054588318,-0.03432700037956238,0.13627499341964722,0,-0.008154000155627728,0.9540429711341858,0.29955899715423584,0,-0.14029499888420105,-0.2976970076560974,0.9442949891090393,0,-0.00004600000102072954,0.09388499706983566,0,1,0.9965540170669556,-0.014739000238478184,0.08162800222635269,0,0.0018070000223815441,0.9877089858055115,0.15629400312900543,0,-0.08292900025844574,-0.15560799837112427,0.9843320250511169,0,0.00011500000255182385,0.0881590023636818,0,1,0.9831690192222595,-0.045483000576496124,-0.17694500088691711,0,0.09179899841547012,0.9603620171546936,0.26320600509643555,0,0.1579589992761612,-0.27501899003982544,0.9483739733695984,0,0.04127399995923042,0.3024280071258545,-0.00482300017029047,1,0.9994760155677795,-0.030964000150561333,-0.009379000402987003,0,0.031272001564502716,0.8502089977264404,0.5255159735679626,0,-0.008298000320792198,-0.5255339741706848,0.8507320284843445,0,-0.00016599999798927456,0.11099299788475037,0,1,0.9997379779815674,-0.022515999153256416,-0.00406799977645278,0,0.022314000874757767,0.9201850295066833,0.3908480107784271,0,-0.0050570000894367695,-0.3908360004425049,0.92044597864151,0,-0.000003999999989900971,0.10498099774122238,0,1,0.9874839782714844,-0.100382000207901,-0.12165199965238571,0,0.14081400632858276,0.908545970916748,0.39333900809288025,0,0.071042001247406,-0.40554600954055786,0.9113100171089172,0,-0.048353999853134155,0.31809601187705994,-0.004681999795138836,1,0.9839059710502625,0.008565000258386135,-0.17848099768161774,0,0.09307999908924103,0.8280580043792725,0.5528619885444641,0,0.15252800285816193,-0.5605769753456116,0.8139340281486511,0,-0.00006600000051548705,0.09055499732494354,0,1,0.9935780167579651,-0.01418600045144558,-0.1122559979557991,0,0.05099499970674515,0.9417759776115417,0.33235201239585876,0,0.10100500285625458,-0.33594200015068054,0.9364510178565979,0,0.00020500000391621143,0.08966799825429916,0,1,0.9826480150222778,-0.17139799892902374,-0.07089900225400925,0,0.18528099358081818,0.889208972454071,0.4183039963245392,0,-0.00865199975669384,-0.4241819977760315,0.9055359959602356,0,-0.1287900060415268,0.2949860095977783,0.00043200000072829425,1,0.9574130177497864,0.028788000345230103,-0.2872839868068695,0,0.11822599917650223,0.8686839938163757,0.4810520112514496,0,0.26340800523757935,-0.49452999234199524,0.8282849788665771,0,0.000014000000192027073,0.06775300204753876,0,1,0.9695519804954529,0.013026000000536442,-0.24453899264335632,0,0.08628399670124054,0.9163749814033508,0.3909130096435547,0,0.22918200492858887,-0.40011000633239746,0.887349009513855,0,-0.000022000000171829015,0.05780699849128723,0,1,-0.9885249733924866,-0.10242799669504166,0.11102499812841415,0,0.14989900588989258,-0.7559739947319031,0.6372079849243164,0,0.018665000796318054,0.6465380191802979,0.7626529932022095,0,0.2857249975204468,-0.18941399455070496,0.04547400027513504,1,0.9788050055503845,-0.20468300580978394,0.006668000016361475,0,0.06906499713659286,0.2992689907550812,-0.951665997505188,0,0.19279499351978302,0.9319559931755066,0.3070630133152008,0,0,1.2810159921646118,0,1,0.9904580116271973,-0.1350100040435791,0.027653999626636505,0,0.061813998967409134,0.6145660281181335,0.7864400148391724,0,-0.12317299842834473,-0.777226984500885,0.6170470118522644,0,0,1.3940869569778442,0,1,0.9985209703445435,0.040738001465797424,-0.03599900007247925,0,-0.0023449999280273914,0.6938289999961853,0.7201359868049622,0,0.05431399866938591,-0.7189859747886658,0.6928989887237549,0,0,0.45636001229286194,0,1,-0.9836859703063965,0.14143800735473633,-0.11116299778223038,0,-0.17164599895477295,-0.9229099750518799,0.34463798999786377,0,-0.05384799838066101,0.35809600353240967,0.9321309924125671,0,-0.2857249975204468,-0.18941399455070496,0.04634400084614754,1,0.9745640158653259,0.22322000563144684,0.01995600014925003,0,-0.15501399338245392,0.7357199788093567,-0.6593080163002014,0,-0.16185300052165985,0.6394439935684204,0.7516080141067505,0,0,1.2810050249099731,0,1,0.9968010187149048,-0.05826500058174133,-0.05470599979162216,0,0.06026000156998634,0.0982699990272522,0.9933339953422546,0,-0.05249999836087227,-0.9934530258178711,0.10146699845790863,0,0,1.3930740356445312,0,1,0.9894099831581116,-0.12470799684524536,-0.07426899671554565,0,0.14368699491024017,0.9139429926872253,0.37955600023269653,0,0.02054399996995926,-0.3862079977989197,0.9221829771995544,0,0,0.44698598980903625,0,1
K0.033,0.9989420175552368,0.04091092199087143,0.021021101623773575,0,-0.0423809252679348,0.9962800145149231,0.07503193616867065,0,-0.017873110249638557,-0.07584293186664581,0.9969599843025208,0,0.015453096479177475,2.9911582469940186,-0.06738512963056564,1,0.999235987663269,-0.010811004787683487,-0.0375610776245594,0,0.01886902004480362,0.9750159978866577,0.2213299721479416,0,0.034230075776576996,-0.22186897695064545,0.9744750261306763,0,0,0.3405719995498657,0.006136999931186438,1,0.9977059960365295,-0.019689034670591354,-0.06476813554763794,0,0.026504047214984894,0.9940019845962524,0.10609794408082962,0,0.06229113042354584,-0.10757193714380264,0.9922440052032471,0,0,0.39739900827407837,0,1,0.9977440237998962,-0.018666036427021027,-0.06449112296104431,0,0.014342023059725761,0.9976580142974854,-0.06687606126070023,0,0.06558812409639359,0.06580105423927307,0.9956750273704529,0,0,0.45416998863220215,0,1,0.9919819831848145,0.07107407599687576,0.10450109094381332,0,-0.06257210671901703,0.9946240186691284,-0.08250371366739273,0,-0.10980307310819626,0.07530370354652405,0.9910969734191895,0,0,0.5109410285949707,0,1,0.9967740178108215,-0.027952946722507477,0.07523605227470398,0,0.036342959851026535,0.9929800033569336,-0.11255908757448196,0,-0.07156205922365189,0.11493008583784103,0.990792989730835,0,0,0.25516700744628906,0.05134100094437599,1,0.13932976126670837,-0.004999981261789799,-0.9902330636978149,0,0.8431200981140137,-0.5238698124885559,0.12127579748630524,0,-0.5193598866462708,-0.8517830967903137,-0.06877487152814865,0,0.29218900203704834,0.43046900629997253,0.002019000006839633,1,0.99674391746521,0.03495461866259575,-0.07266154885292053,0,0.019716676324605942,0.7681347727775574,0.6399852633476257,0,0.07818415015935898,-0.6393333077430725,0.7649437785148621,0,0,0.5462509989738464,0,1,0.7084039449691772,0.2768300473690033,-0.6492520570755005,0,-0.24325795471668243,0.9592729806900024,0.14359714090824127,0,0.6625630855560303,0.056210894137620926,0.7468939423561096,0,0,0.74058598279953,0,1,0.9608119130134583,-0.031078187748789787,0.2754521071910858,0,0.06811730563640594,0.9896959662437439,-0.12594132125377655,0,-0.2687000632286072,0.13976940512657166,0.9530289173126221,0,0,0.5798069834709167,0,1,0.792277991771698,0.5513920187950134,-0.2612709403038025,0,-0.48598799109458923,0.8291739821434021,0.27619799971580505,0,0.36893293261528015,-0.09185104072093964,0.9249060153961182,0,-0.07745599746704102,0.10966599732637405,0.055188000202178955,1,0.9540190100669861,-0.2890990078449249,0.07918203622102737,0,0.2610119879245758,0.9311119914054871,0.2547609508037567,0,-0.14737901091575623,-0.2223789393901825,0.9637569785118103,0,-0.01920199953019619,0.1145310029387474,0,1,0.9977849721908569,0.024010993540287018,-0.06203298270702362,0,-0.027309993281960487,0.9982270002365112,-0.052887000143527985,0,0.06065298244357109,0.05446399748325348,0.9966719746589661,0,-0.0011739999754354358,0.10552600026130676,0,1,0.9916729927062988,0.11800798028707504,0.05156204476952553,0,-0.1286499947309494,0.9258630871772766,0.3552848994731903,0,-0.005813061259686947,-0.3589599132537842,0.93333500623703,0,-0.13315099477767944,0.2904280126094818,-0.0026030000299215317,1,0.9769600033760071,0.09961796551942825,-0.18874599039554596,0,0.061652980744838715,0.7149420976638794,0.6964598894119263,0,0.2043219655752182,-0.6920508742332458,0.6923280954360962,0,0.00004400000034365803,0.09230999648571014,0,1,0.9898790121078491,0.05743397772312164,-0.12977097928524017,0,0.01492899376899004,0.8672250509262085,0.49769288301467896,0,0.14112597703933716,-0.49459388852119446,0.8575900793075562,0,-0.00019799999427050352,0.0896650031208992,0,1,0.994376003742218,0.0660419911146164,0.08279703557491302,0,-0.10056401044130325,0.8340000510215759,0.5425218939781189,0,-0.03322404995560646,-0.5477978587150574,0.835951030254364,0,-0.04796700179576874,0.2971610128879547,-0.0073090000078082085,1,0.9994069933891296,0.030694998800754547,0.015619996003806591,0,-0.03076999820768833,0.5919941067695618,0.8053549528121948,0,0.015473996289074421,-0.8053579330444336,0.5925871133804321,0,0.000058000001445179805,0.10977999866008759,0,1,0.999642014503479,0.025407997891306877,0.008412998169660568,0,-0.02461799792945385,0.7495210766792297,0.661521852016449,0,0.010501997545361519,-0.6614928841590881,0.7498780488967896,0,0.000022000000171829015,0.10393299907445908,0,1,0.9691339731216431,0.2460559457540512,0.015384035184979439,0,-0.22009296715259552,0.8353830575942993,0.5036799311637878,0,0.11108193546533585,-0.491519957780838,0.8637530207633972,0,0.04982500150799751,0.30143800377845764,-0.0035570000763982534,1,0.9708600044250488,-0.06957297027111053,0.2293269783258438,0,-0.14825597405433655,0.5774731040000916,0.8028349280357361,0,-0.18828599154949188,-0.8134399652481079,0.5503311157226562,0,0.00007400000322377309,0.09521199762821198,0,1,0.9832140207290649,-0.02673397772014141,0.1804889738559723,0,-0.09950597584247589,0.7505871057510376,0.6532368659973145,0,-0.15293598175048828,-0.6602308750152588,0.7353271245956421,0,-0.00011500000255182385,0.08806899935007095,0,1,0.921328067779541,0.3887799084186554,0.0020540179684758186,0,-0.3312949538230896,0.7823140621185303,0.5274729132652283,0,0.20346392691135406,-0.4866560101509094,0.8495690226554871,0,0.13129399716854095,0.2804589867591858,-0.0038419999182224274,1,0.932761013507843,-0.09947597235441208,0.3464999794960022,0,-0.16789096593856812,0.7307030558586121,0.6617299318313599,0,-0.3190149664878845,-0.6754089593887329,0.6648700833320618,0,0.000048999998398358,0.06959400326013565,0,1,0.9469199776649475,-0.07158197462558746,0.31339895725250244,0,-0.13474798202514648,0.7967360615730286,0.5891139507293701,0,-0.2918659746646881,-0.6000729203224182,0.7447990775108337,0,-0.000015999999959603883,0.05757899954915047,0,1,0.03687207028269768,-0.11991795897483826,0.9920989871025085,0,-0.8051029443740845,-0.5916750431060791,-0.04159592464566231,0,0.5919880867004395,-0.7972079515457153,-0.11836200952529907,0,-0.29218900203704834,0.4304490089416504,0.0008820000221021473,1,0.8473979830741882,-0.3863770067691803,-0.36418402194976807,0,0.5158160328865051,0.7616989016532898,0.39210614562034607,0,0.12589794397354126,-0.5201221108436584,0.8447619676589966,0,0,0.5462509989738464,0,1,0.7956498861312866,-0.45728516578674316,0.3972800672054291,0,0.4534112513065338,0.8844859004020691,0.11001294106245041,0,-0.40169599652290344,0.09259916841983795,0.9110789895057678,0,0,0.7406920194625854,0,1,0.9520320296287537,0.060650959610939026,-0.2999289035797119,0,-0.05080597475171089,0.9978860020637512,0.04052295908331871,0,0.30175191164016724,-0.023340975865721703,0.9531009793281555,0,0,0.5796729922294617,0,1,0.8281769752502441,-0.5523059964179993,0.09529810398817062,0,0.5094180107116699,0.8126829862594604,0.28291499614715576,0,-0.23370309174060822,-0.18575693666934967,0.9543989896774292,0,0.08036299794912338,0.11533699929714203,0.05984799936413765,1,0.960565984249115,0.22349503636360168,-0.1654149442911148,0,-0.20675601065158844,0.971900999546051,0.11252009123563766,0,0.18591396510601044,-0.073882095515728,0.9797840118408203,0,0.01828099973499775,0.12085200101137161,0,1,0.9933350086212158,0.10778199136257172,0.04084302484989166,0,-0.10634199529886246,0.9936800003051758,-0.03593900427222252,0,-0.04445802792906761,0.031356003135442734,0.9985190033912659,0,-0.00355300004594028,0.10638000071048737,0,1,0.9820809960365295,-0.06106600910425186,-0.1782919317483902,0,0.08666501194238663,0.9864190220832825,0.13952113687992096,0,0.1673509031534195,-0.1524721384048462,0.9740359783172607,0,0.13586999475955963,0.30501899123191833,-0.0039450000040233135,1,0.9898350238800049,-0.03533102944493294,0.1377650499343872,0,-0.009068025276064873,0.9510029554367065,0.30904826521873474,0,-0.14193405210971832,-0.3071552813053131,0.941015899181366,0,-0.00004600000102072954,0.09388499706983566,0,1,0.9964450001716614,-0.015345017425715923,0.08283502608537674,0,0.001562993275001645,0.9864699244499207,0.16393721103668213,0,-0.08423003554344177,-0.1632252037525177,0.9829869270324707,0,0.00011500000255182385,0.0881590023636818,0,1,0.9835450053215027,-0.04497898370027542,-0.17497293651103973,0,0.09181199967861176,0.9585639238357544,0.2696791887283325,0,0.1555929332971573,-0.2813061773777008,0.9469199180603027,0,0.04127399995923042,0.3024280071258545,-0.00482300017029047,1,0.9994620084762573,-0.03137001022696495,-0.00959300622344017,0,0.031660012900829315,0.8458958864212036,0.5324071645736694,0,-0.008587007410824299,-0.5324251651763916,0.8464338779449463,0,-0.00016599999798927456,0.11099299788475037,0,1,0.9997299909591675,-0.022835010662674904,-0.004188003484159708,0,0.022620009258389473,0.9174909591674805,0.3971121907234192,0,-0.005225005559623241,-0.39710018038749695,0.917760968208313,0,-0.000003999999989900971,0.10498099774122238,0,1,0.9875419735908508,-0.10290607064962387,-0.11903992295265198,0,0.14225904643535614,0.907198965549469,0.395920068025589,0,0.06724989414215088,-0.40792205929756165,0.9105370044708252,0,-0.048353999853134155,0.31809601187705994,-0.004681999795138836,1,0.983614981174469,0.009079014882445335,-0.1800510436296463,0,0.09472104161977768,0.8237448930740356,0.5589922070503235,0,0.153391033411026,-0.566888153553009,0.8093878626823425,0,-0.00006600000051548705,0.09055499732494354,0,1,0.9933779835700989,-0.01422599982470274,-0.11400904506444931,0,0.052446041256189346,0.9390349388122559,0.3397982120513916,0,0.10222502797842026,-0.3435271978378296,0.9335629343986511,0,0.00020500000391621143,0.08966799825429916,0,1,0.9820380210876465,-0.1756991147994995,-0.06878393888473511,0,0.18824008107185364,0.8873559236526489,0.42090904712677,0,-0.012917117215692997,-0.42629605531692505,0.9044910073280334,0,-0.1287900060415268,0.2949860095977783,0.00043200000072829425,1,0.9568859934806824,0.02960902452468872,-0.2889510691165924,0,0.11968803405761719,0.8662189245223999,0.4851181209087372,0,0.26465901732444763,-0.4987861216068268,0.8253289461135864,0,0.000014000000192027073,0.06775300204753876,0,1,0.9690920114517212,0.013585016131401062,-0.2463250458240509,0,0.0876680389046669,0.9143469333648682,0.3953281044960022,0,0.23059704899787903,-0.40470412373542786,0.8848949670791626,0,-0.000022000000171829015,0.05780699849128723,0,1,-0.9870179891586304,-0.1075861006975174,0.11924899369478226,0,0.16000106930732727,-0.7232270240783691,0.6718199849128723,0,0.013965929858386517,0.6821780204772949,0.7310519814491272,0,0.2857249975204468,-0.18941399455070496,0.04547400027513504,1,0.9789130687713623,-0.20418481528759003,-0.006083185318857431,0,0.08090108633041382,0.4148576557636261,-0.9062820672988892,0,0.18757277727127075,0.8866800665855408,0.42262864112854004,0,0,1.2810159921646118,0,1,0.9870460033416748,-0.15837691724300385,0.02561400644481182,0,0.07120094448328018,0.5755040049552917,0.8146939873695374,0,-0.14376991987228394,-0.8023170232772827,0.5793259739875793,0,0,1.3940869569778442,0,1,0.9963080286979675,0.048165757209062576,-0.07107187062501907,0,0.0054240417666733265,0.7908427119255066,0.6119949817657471,0,0.08568377047777176,-0.6101210117340088,0.7876617312431335,0,0,0.45636001229286194,0,1,-0.9831110239028931,0.14474107325077057,-0.11199702322483063,0,-0.1706400364637375,-0.9461491703987122,0.27510830760002136,0,-0.066146120429039,0.2895733416080475,0.9548671841621399,0,-0.2857249975204468,-0.18941399455070496,0.04634400084614754,1,0.9712539315223694,0.23430511355400085,0.04202330484986305,0,-0.16134104132652283,0.7777563333511353,-0.607506513595581,0,-0.17502622306346893,0.5832634568214417,0.7932023406028748,0,0,1.2810050249099731,0,1,0.9969789981842041,-0.05482356622815132,-0.055022887885570526,0,0.0605168417096138,0.10419031232595444,0.9927150011062622,0,-0.048690568655729294,-0.9930449724197388,0.10719328373670578,0,0,1.3930740356445312,0,1,0.99024897813797,-0.12412102520465851,-0.06325481832027435,0,0.13917094469070435,0.9016678333282471,0.4094223976135254,0,0.00621677516028285,-0.41423335671424866,0.9101498126983643,0,0,0.44698598980903625,0,1
