1.033,30,30,65
B0,mixamorig_Hips,-1,0.9952221512794495,0.016403814777731895,-0.09612969309091568,0,-0.013217263855040073,0.9993419051170349,0.03370247036218643,0,0.09661927074193954,-0.03226221725344658,0.9947887659072876,0,0.11205752193927765,3.000248432159424,-0.08580362051725388,1
B1,mixamorig_Spine,0,0.9998183846473694,-0.0044856383465230465,0.018406987190246582,0,0.004026178736239672,0.9996814131736755,0.02485598251223564,0,-0.018511546775698662,-0.024779513478279114,0.9995205998420715,0,0,0.3405719995498657,0.006136999931186438,1
B2,mixamorig_Spine1,1,0.9993624091148376,-0.004919443745166063,0.035283900797367096,0,0.004434581380337477,0.9998948574066162,0.013717152178287506,0,-0.03534736856818199,-0.013554060831665993,0.9992791414260864,0,0,0.39739900827407837,0,1
B3,mixamorig_Spine2,2,0.9993624091148376,-0.004919443745166063,0.035283900797367096,0,0.004434581380337477,0.9998948574066162,0.013717152178287506,0,-0.03534736856818199,-0.013554060831665993,0.9992791414260864,0,0,0.45416998863220215,0,1
B4,mixamorig_Neck,3,0.9996935725212097,-0.01816839538514614,-0.01623869314789772,0,0.018717586994171143,0.9992232918739319,0.0343967080116272,0,0.01560412347316742,-0.03469385206699371,0.9992753863334656,0,0,0.5109410285949707,0,1
B5,mixamorig_Head,4,0.9971435070037842,0.07405128329992294,-0.014859642833471298,0,-0.07416072487831116,0.9972178339958191,-0.006971223745495081,0,0.014301118440926075,0.008053036406636238,0.9998612999916077,0,0,0.25516700744628906,0.05134100094437599,1
B6,mixamorig_HeadTop_End,5,1,0,0,0,0,1,0,0,0,0,1,0,0,0.817982017993927,0.1645819991827011,1
B7,mixamorig_LeftShoulder,3,0.29771143198013306,0.0029417271725833416,-0.9546509385108948,0,0.7888054847717285,-0.56402587890625,0.24425357580184937,0,-0.5377297401428223,-0.825751781463623,-0.17023713886737823,0,0.29218900203704834,0.43046900629997253,0.002019000006839633,1
B8,mixamorig_LeftArm,7,0.9971758723258972,-0.04622812196612358,0.05377577990293503,0,0.01277236733585596,0.8629716038703918,0.5043309330940247,0,-0.07007613033056259,-0.5024480223655701,0.8616634607315063,0,0,0.5462509989738464,0,1
B9,mixamorig_LeftForeArm,8,0.5653706192970276,0.8015227913856506,-0.19277650117874146,0,-0.7793726921081543,0.595856249332428,0.1915518045425415,0,0.2685157060623169,0.04171066731214523,0.9623156189918518,0,0,0.74058598279953,0,1
B10,mixamorig_LeftHand,9,0.9714897871017456,-0.1806262731552124,-0.15293528139591217,0,0.17905859649181366,0.9834442138671875,-0.025110507383942604,0,0.1548977643251419,-0.0030242374632507563,0.9877640604972839,0,0,0.5798069834709167,0,1
B11,mixamorig_LeftHandThumb1,10,0.9407579898834229,0.3113270103931427,0.13435199856758118,0,-0.3333730101585388,0.7768329977989197,0.5342220067977905,0,0.061948999762535095,-0.5473629832267761,0.8345990180969238,0,-0.07745599746704102,0.10966599732637405,0.055188000202178955,1
B12,mixamorig_LeftHandThumb2,11,0.9992420077323914,0.02807600051164627,0.026959000155329704,0,-0.02734299935400486,0.9992560148239136,-0.027201000601053238,0,-0.027703000232577324,0.026443000882864,0.9992660284042358,0,-0.01920199953019619,0.1145310029387474,0,1
B13,mixamorig_LeftHandThumb3,12,0.9691969752311707,0.24441200494766235,0.03033900074660778,0,-0.24430400133132935,0.9696710109710693,-0.007282000035047531,0,-0.031199000775814056,-0.0003549999964889139,0.9995129704475403,0,-0.0011739999754354358,0.10552600026130676,0,1
B14,mixamorig_LeftHandThumb4,13,1,0,0,0,0,1,0,0,0,0,1,0,0.020376000553369522,0.08500000089406967,0,1
B15,mixamorig_LeftHandIndex1,10,0.9648568630218506,0.26232993602752686,0.015278981067240238,0,-0.2261422574520111,0.799334704875946,0.5566931366920471,0,0.13382725417613983,-0.5405840277671814,0.830568253993988,0,-0.13315099477767944,0.2904280126094818,-0.0026030000299215317,1
B16,mixamorig_LeftHandIndex2,15,0.9964887499809265,0.0569472461938858,0.06137525662779808,0,-0.07903023064136505,0.3977547883987427,0.9140772223472595,0,0.02764275297522545,-0.9157188534736633,0.4008587896823883,0,0.00004400000034365803,0.09230999648571014,0,1
B17,mixamorig_LeftHandIndex3,16,0.9999859929084778,0.0052327546291053295,0.00006900000153109431,0,-0.0052327546291053295,0.9999859929084778,0,0,-0.00006900000153109431,0,1,0,-0.00019799999427050352,0.0896650031208992,0,1
B18,mixamorig_LeftHandIndex4,17,1,0,0,0,0,1,0,0,0,0,1,0,0.0001539999939268455,0.06658899784088135,0,1
B19,mixamorig_LeftHandMiddle1,10,0.9505686163902283,0.28355738520622253,0.1265462189912796,0,-0.26675912737846375,0.5371500253677368,0.8001833558082581,0,0.15892557799816132,-0.794386088848114,0.5862405300140381,0,-0.04796700179576874,0.2971610128879547,-0.0073090000078082085,1
B20,mixamorig_LeftHandMiddle2,19,0.9924266934394836,0.08186643570661545,0.0915842354297638,0,-0.09621012210845947,0.05446624010801315,0.993865430355072,0,0.07637674361467361,-0.9951502680778503,0.061929769814014435,0,0.000058000001445179805,0.10977999866008759,0,1
B21,mixamorig_LeftHandMiddle3,20,0.9999989867210388,-0.0011739999754354358,0.00007124521653167903,0,0.0011739999754354358,0.9999989867210388,0,0,-0.00007124521653167903,0,1,0,0.000022000000171829015,0.10393299907445908,0,1
B22,mixamorig_LeftHandMiddle4,21,1,0,0,0,0,1,0,0,0,0,1,0,-0.00007999999797903001,0.0852380022406578,0,1
B23,mixamorig_LeftHandRing1,10,0.9747587442398071,0.12959358096122742,0.18179869651794434,0,-0.22310277819633484,0.5350024104118347,0.8148500323295593,0,0.008337919600307941,-0.8348420858383179,0.5504117608070374,0,0.04982500150799751,0.30143800377845764,-0.0035570000763982534,1
B24,mixamorig_LeftHandRing2,23,0.9965534210205078,0.06591206043958664,0.05036238208413124,0,-0.05095759779214859,0.007387937046587467,0.9986695647239685,0,0.06545287370681763,-0.9977937340736389,0.010721013881266117,0,0.00007400000322377309,0.09521199762821198,0,1
B25,mixamorig_LeftHandRing3,24,0.9999989867210388,0.0011350000277161598,-0.00005999999848427251,0,-0.0011350000277161598,0.9999989867210388,-9.999999974752427e-7,0,0.00005999999848427251,9.999999974752427e-7,1,0,-0.00011500000255182385,0.08806899935007095,0,1
B26,mixamorig_LeftHandRing4,25,1,0,0,0,0,1,0,0,0,0,1,0,0.00004199999966658652,0.07123199850320816,0,1
B27,mixamorig_LeftHandPinky1,10,0.9706921577453613,0.04993435740470886,0.2350795418024063,0,-0.23606239259243011,0.38146311044692993,0.8937252163887024,0,-0.045045770704746246,-0.9230256080627441,0.38207173347473145,0,0.13129399716854095,0.2804589867591858,-0.0038419999182224274,1
B28,mixamorig_LeftHandPinky2,27,0.9949417114257812,0.09893380850553513,0.017414873465895653,0,-0.033807944506406784,0.1665252447128296,0.9854537844657898,0,0.0945950597524643,-0.9810574650764465,0.1690273880958557,0,0.000048999998398358,0.06959400326013565,0,1
B29,mixamorig_LeftHandPinky3,28,1,0,0,0,0,1,0,0,0,0,1,0,-0.000015999999959603883,0.05757899954915047,0,1
B30,mixamorig_LeftHandPinky4,29,1,0,0,0,0,1,0,0,0,0,1,0,-0.00003400000059627928,0.044165000319480896,0,1
B31,mixamorig_RightShoulder,3,0.09267731010913849,-0.02836550958454609,0.9952911734580994,0,-0.7699978947639465,-0.6357811093330383,0.053582195192575455,0,0.631267786026001,-0.7713399529457092,-0.08075925707817078,0,-0.29218900203704834,0.4304490089416504,0.0008820000221021473,1
B32,mixamorig_RightArm,31,0.9628736972808838,0.25089824199676514,0.09750594198703766,0,-0.25463008880615234,0.7316562533378601,0.6319838166236877,0,0.08716651052236557,-0.6336797475814819,0.7686424851417542,0,0,0.5462509989738464,0,1
B33,mixamorig_RightForeArm,32,0.9214495420455933,-0.2645459473133087,0.28421923518180847,0,0.24931538105010986,0.9642845392227173,0.08886094391345978,0,-0.29755887389183044,-0.011082355864346027,0.9545187950134277,0,0,0.7406920194625854,0,1
B34,mixamorig_RightHand,33,0.991858959197998,-0.09436660259962082,0.0842040404677391,0,0.10778307914733887,0.9790990352630615,-0.17095176875591278,0,-0.06606734544038773,0.1787269115447998,0.981483519077301,0,0,0.5796729922294617,0,1
B35,mixamorig_RightHandThumb1,34,0.9010439515113831,-0.37146511673927307,-0.22383800148963928,0,0.4258342981338501,0.8554381728172302,0.2945757806301117,0,0.08201298117637634,-0.36073198914527893,0.9290100932121277,0,0.08036299794912338,0.11533699929714203,0.05984799936413765,1
B36,mixamorig_RightHandThumb2,35,0.9212875962257385,0.09265215694904327,0.3776623010635376,0,-0.16329072415828705,0.9736029505729675,0.1594790667295456,0,-0.35291650891304016,-0.20859618484973907,0.9120978116989136,0,0.01828099973499775,0.12085200101137161,0,1
B37,mixamorig_RightHandThumb3,36,0.9911180138587952,-0.13297900557518005,-0.0010010000551119447,0,0.13297900557518005,0.9911190271377563,-0.00016900000628083944,0,0.00101500004529953,0.00003400000059627928,0.9999989867210388,0,-0.00355300004594028,0.10638000071048737,0,1
B38,mixamorig_RightHandThumb4,37,1,0,0,0,0,1,0,0,0,0,1,0,-0.0147280003875494,0.087117999792099,0,1
B39,mixamorig_RightHandIndex1,34,0.9929837584495544,-0.11120583862066269,-0.04009043425321579,0,0.11486339569091797,0.8282275199890137,0.5475363731384277,0,-0.027779415249824524,-0.5482940077781677,0.835201621055603,0,0.13586999475955963,0.30501899123191833,-0.0039450000040233135,1
B40,mixamorig_RightHandIndex2,39,0.995499849319458,-0.03454595059156418,-0.08820746093988419,0,0.09470396488904953,0.3714911937713623,0.923328697681427,0,0.0008181611192412674,-0.9275299310684204,0.37309741973876953,0,-0.00004600000102072954,0.09388499706983566,0,1
B41,mixamorig_RightHandIndex3,40,0.9999970197677612,-0.0026289999950677156,-0.000024000000848900527,0,0.0026289999950677156,0.9999970197677612,7.547877203251119e-7,0,0.000024000000848900527,-7.547877203251119e-7,1,0,0.00011500000255182385,0.0881590023636818,0,1
B42,mixamorig_RightHandIndex4,41,1,0,0,0,0,1,0,0,0,0,1,0,-0.00006900000153109431,0.06693100184202194,0,1
B43,mixamorig_RightHandMiddle1,34,0.9863433241844177,-0.13603541254997253,-0.09280144423246384,0,0.15841004252433777,0.6308116316795349,0.7589161396026611,0,-0.044791076332330704,-0.7632463574409485,0.6437601447105408,0,0.04127399995923042,0.3024280071258545,-0.00482300017029047,1
B44,mixamorig_RightHandMiddle2,43,0.9923997521400452,-0.04133101925253868,-0.11588600277900696,0,0.12284981459379196,0.2856893241405487,0.9501228928565979,0,-0.00621751556172967,-0.9571413397789001,0.2886032164096832,0,-0.00016599999798927456,0.11099299788475037,0,1
B45,mixamorig_RightHandMiddle3,44,0.9999979734420776,0.0022269999608397484,-0.00009100000170292333,0,-0.0022269999608397484,0.9999979734420776,0,0,0.00009100000170292333,0,1,0,-0.000003999999989900971,0.10498099774122238,0,1
B46,mixamorig_RightHandMiddle4,45,1,0,0,0,0,1,0,0,0,0,1,0,0.00016999999934341758,0.08984799683094025,0,1
B47,mixamorig_RightHandRing1,34,0.9884688854217529,-0.145316481590271,-0.0424964614212513,0,0.12805037200450897,0.6524786949157715,0.7465335130691528,0,-0.08070828765630722,-0.7433750629425049,0.6635657548904419,0,-0.048353999853134155,0.31809601187705994,-0.004681999795138836,1
B48,mixamorig_RightHandRing2,47,0.9910439252853394,-0.12067805230617523,-0.05712778866291046,0,0.07712975144386292,0.16838425397872925,0.9823904037475586,0,-0.10899263620376587,-0.9779963493347168,0.17618818581104279,0,-0.00006600000051548705,0.09055499732494354,0,1
B49,mixamorig_RightHandRing3,48,0.9999930262565613,-0.003713000100106001,0.00006675478653050959,0,0.003713000100106001,0.9999930262565613,0,0,-0.00006675478653050959,0,1,0,0.00020500000391621143,0.08966799825429916,0,1
B50,mixamorig_RightHandRing4,49,1,0,0,0,0,1,0,0,0,0,1,0,-0.00013899999612476677,0.06740099936723709,0,1
B51,mixamorig_RightHandPinky1,34,0.9654875993728638,-0.255050390958786,-0.05267862230539322,0,0.2189861387014389,0.6856482625007629,0.6937876343727112,0,-0.14089971780776978,-0.6813676953315735,0.717846155166626,0,-0.1287900060415268,0.2949860095977783,0.00043200000072829425,1
B52,mixamorig_RightHandPinky2,51,0.9787101745605469,-0.1931198686361313,-0.06947432458400726,0,0.07897715270519257,0.042071208357810974,0.9956849813461304,0,-0.18941640853881836,-0.9799680709838867,0.05643250420689583,0,0.000014000000192027073,0.06775300204753876,0,1
B53,mixamorig_RightHandPinky3,52,1,0,0,0,0,1,0,0,0,0,1,0,-0.000022000000171829015,0.05780699849128723,0,1
B54,mixamorig_RightHandPinky4,53,1,0,0,0,0,1,0,0,0,0,1,0,0.000007999999979801942,0.04340200126171112,0,1
B55,mixamorig_LeftUpLeg,0,-0.974207878112793,-0.07150980085134506,0.21373464167118073,0,0.05467987433075905,-0.9948739409446716,-0.08331140130758286,0,0.21875230967998505,-0.06942527741193771,0.97319495677948,0,0.2857249975204468,-0.18941399455070496,0.04547400027513504,1
B56,mixamorig_LeftLeg,55,0.9249576330184937,-0.19177916646003723,-0.3277239501476288,0,0.06359653174877167,0.9291090369224548,-0.36335474252700806,0,0.3744644820690155,0.3151092231273651,0.8716577291488647,0,0,1.2810159921646118,0,1
B57,mixamorig_LeftFoot,56,0.9934907555580139,0.10971478372812271,0.029961492866277695,0,-0.05837477371096611,0.2662263810634613,0.96210116147995,0,0.09761007875204086,-0.9575926661491394,0.27092084288597107,0,0,1.3940869569778442,0,1
B58,mixamorig_LeftToeBase,57,0.9955288171768188,-0.011566158384084702,0.09370936453342438,0,-0.059470344334840775,0.6935670375823975,0.7173269391059875,0,-0.07336726039648056,-0.7196958661079407,0.6897766590118408,0,0,0.45636001229286194,0,1
B59,mixamorig_LeftToe_End,58,1,0,0,0,0,1,0,0,0,0,1,0,0,0.2066970020532608,0,1
B60,mixamorig_RightUpLeg,0,-0.990765392780304,0.058396026492118835,-0.12235919386148453,0,-0.11836732923984528,-0.8122464418411255,0.5709791779518127,0,-0.0660320445895195,0.5801888704299927,0.8116601705551147,0,-0.2857249975204468,-0.18941399455070496,0.04634400084614754,1
B61,mixamorig_RightLeg,60,0.9968553185462952,0.0331156961619854,-0.07196258753538132,0,-0.058763537555933,0.9161113500595093,-0.39032411575317383,0,0.05297067388892174,0.3933250308036804,0.9151780605316162,0,0,1.2810050249099731,0,1
B62,mixamorig_RightFoot,61,0.9946203827857971,-0.10124394297599792,0.005191235337406397,0,0.03596391901373863,0.3962463140487671,0.9171355962753296,0,-0.09471122175455093,-0.9120451807975769,0.39795684814453125,0,0,1.3930740356445312,0,1
B63,mixamorig_RightToeBase,62,0.9997590780258179,-0.0059845284558832645,-0.019731197506189346,0,0.018685558810830116,0.6616696119308472,0.7495067119598389,0,0.008558260276913643,-0.7496895790100098,0.6616306304931641,0,0,0.44698598980903625,0,1
B64,mixamorig_RightToe_End,63,1,0,0,0,0,1,0,0,0,0,1,0,0,0.20729799568653107,0,1
@52,0,1,2,3,4,5,7,8,9,10,11,12,13,15,16,17,19,20,21,23,24,25,27,28,29,31,32,33,34,35,36,37,39,40,41,43,44,45,47,48,49,51,52,53,55,56,57,58,60,61,62,63
K0.000,0.9979680180549622,-0.04051100090146065,-0.04918200150132179,0,0.041331999003887177,0.9990209937095642,0.0157880000770092,0,0.04849499836564064,-0.017789000645279884,0.9986649751663208,0,-0.0015239999629557133,3.032604932785034,-0.05498500168323517,1,0.9998049736022949,0.019195999950170517,-0.004594000056385994,0,-0.01909399963915348,0.9995880126953125,0.02142000012099743,0,0.0050039999186992645,-0.021328000351786613,0.9997599720954895,0,0,0.3405719995498657,0.006136999931186438,1,0.9998890161514282,0.008535999804735184,-0.012180999852716923,0,-0.008453000336885452,0.9999409914016724,0.006823000032454729,0,0.012238999828696251,-0.006719000171869993,0.9999030232429504,0,0,0.39739900827407837,0,1,0.9998890161514282,0.008535999804735184,-0.012180999852716923,0,-0.008453000336885452,0.9999409914016724,0.006823000032454729,0,0.012238999828696251,-0.006719000171869993,0.9999030232429504,0,0,0.45416998863220215,0,1,0.9997460246086121,-0.02093599922955036,0.008337000384926796,0,0.02108299918472767,0.9996169805526733,-0.017921000719070435,0,-0.007957999594509602,0.01809299923479557,0.9998049736022949,0,0,0.5109410285949707,0,1,0.9980499744415283,0.030729999765753746,0.054322000592947006,0,-0.033250000327825546,0.9983829855918884,0.04610700160264969,0,-0.05281699821352959,-0.04782300069928169,0.9974579811096191,0,0,0.25516700744628906,0.05134100094437599,1,0.2674010097980499,0.005905999802052975,-0.9635670185089111,0,0.7825599908828735,-0.5847910046577454,0.2135850042104721,0,-0.5622239708900452,-0.811161994934082,-0.16099600493907928,0,0.29218900203704834,0.43046900629997253,0.002019000006839633,1,0.9903810024261475,-0.05601600185036659,0.12652499973773956,0,-0.01909700036048889,0.8503090143203735,0.525937020778656,0,-0.1370459944009781,-0.5232939720153809,0.8410599827766418,0,0,0.5462509989738464,0,1,0.8033769726753235,0.5312870144844055,-0.2689239978790283,0,-0.4813539981842041,0.8452799916267395,0.23194999992847443,0,0.35054799914360046,-0.056894998997449875,0.934814989566803,0,0,0.74058598279953,0,1,0.9646540284156799,0.0017239999724552035,-0.2635140120983124,0,-0.05835200101137161,0.9765520095825195,-0.20722299814224243,0,0.25697800517082214,0.21527500450611115,0.9421349763870239,0,0,0.5798069834709167,0,1,0.9407579898834229,0.3113270103931427,0.13435199856758118,0,-0.3333730101585388,0.7768319845199585,0.5342230200767517,0,0.061948999762535095,-0.5473629832267761,0.8345990180969238,0,-0.07745599746704102,0.10966599732637405,0.055188000202178955,1,0.9992420077323914,0.02807600051164627,0.026959000155329704,0,-0.02734299935400486,0.9992560148239136,-0.027201000601053238,0,-0.027703000232577324,0.026443000882864,0.9992660284042358,0,-0.01920199953019619,0.1145310029387474,0,1,0.9691969752311707,0.24441200494766235,0.03033900074660778,0,-0.24430400133132935,0.9696710109710693,-0.007282000035047531,0,-0.031199000775814056,-0.0003549999964889139,0.9995129704475403,0,-0.0011739999754354358,0.10552600026130676,0,1,0.9747660160064697,0.22174499928951263,0.025689000263810158,0,-0.18232999742031097,0.7244939804077148,0.6647289991378784,0,0.1287889927625656,-0.6526389718055725,0.7466430068016052,0,-0.13315099477767944,0.2904280126094818,-0.0026030000299215317,1,0.993598997592926,0.06604599952697754,0.09164100140333176,0,-0.09982000291347504,0.1335960030555725,0.9859960079193115,0,0.0528779998421669,-0.9888330101966858,0.13933399319648743,0,0.00004400000034365803,0.09230999648571014,0,1,0.9999859929084778,0.005233000032603741,0.00006900000153109431,0,-0.005233000032603741,0.9999859929084778,0,0,-0.00006900000153109431,0,1,0,-0.00019799999427050352,0.0896650031208992,0,1,0.9591689705848694,0.24690499901771545,0.13795599341392517,0,-0.236285999417305,0.43145298957824707,0.8706420063972473,0,0.15544399619102478,-0.8676900267601013,0.47217699885368347,0,-0.04796700179576874,0.2971610128879547,-0.0073090000078082085,1,0.9898380041122437,0.07956700026988983,0.1178549975156784,0,-0.09797099977731705,-0.21911899745464325,0.9707670211791992,0,0.10306499898433685,-0.972449004650116,-0.2090969979763031,0,0.000058000001445179805,0.10977999866008759,0,1,0.9999989867210388,-0.0011739999754354358,0.00007200000254670158,0,0.0011739999754354358,0.9999989867210388,0,0,-0.00007200000254670158,0,1,0,0.000022000000171829015,0.10393299907445908,0,1,0.9747459888458252,0.09438499808311462,0.20239000022411346,0,-0.22329799830913544,0.42357298731803894,0.8779090046882629,0,-0.0028649999294430017,-0.9009310007095337,0.4339520037174225,0,0.04982500150799751,0.30143800377845764,-0.0035570000763982534,1,0.9958249926567078,0.06445100158452988,0.06464699655771255,0,-0.0453919991850853,-0.26482000946998596,0.9632290005683899,0,0.07920099794864655,-0.9621409773826599,-0.26078900694847107,0,0.00007400000322377309,0.09521199762821198,0,1,0.9999989867210388,0.0011350000277161598,-0.00005999999848427251,0,-0.0011350000277161598,0.9999989867210388,0,0,0.00005999999848427251,0,1,0,-0.00011500000255182385,0.08806899935007095,0,1,0.9655110239982605,0.017047999426722527,0.2598020136356354,0,-0.25512999296188354,0.26096001267433167,0.9310259819030762,0,-0.05192599818110466,-0.9651989936828613,0.25630900263786316,0,0.13129399716854095,0.2804589867591858,-0.0038419999182224274,1,0.9948670268058777,0.09903600066900253,0.020767999812960625,0,-0.010115999728441238,-0.10687299817800522,0.9942209720611572,0,0.10068300366401672,-0.9893280267715454,-0.10532300174236298,0,0.000048999998398358,0.06959400326013565,0,1,1,0,0,0,0,1,0,0,0,0,1,0,-0.000015999999959603883,0.05757899954915047,0,1,0.13801799714565277,-0.02209700085222721,0.9901829957962036,0,-0.7928439974784851,-0.6016409993171692,0.09708499908447266,0,0.5935900211334229,-0.7984610199928284,-0.10055699944496155,0,-0.29218900203704834,0.4304490089416504,0.0008820000221021473,1,0.9518740177154541,0.2935810089111328,-0.08800700306892395,0,-0.1853789985179901,0.7801610231399536,0.5974810123443604,0,0.24406899511814117,-0.5524119734764099,0.7970389723777771,0,0,0.5462509989738464,0,1,0.8855819702148438,-0.4254400134086609,0.18640199303627014,0,0.3748829960823059,0.8916109800338745,0.2539539933204651,0,-0.27424100041389465,-0.15501800179481506,0.9490839838981628,0,0,0.7406920194625854,0,1,0.9357600212097168,0.07643000036478043,0.3442539870738983,0,-0.0327179990708828,0.9908360242843628,-0.13104699552059174,0,-0.35111498832702637,0.11136599630117416,0.9296860098838806,0,0,0.5796729922294617,0,1,0.9222480058670044,-0.35374999046325684,-0.1559469997882843,0,0.38642600178718567,0.8555539846420288,0.3445320129394531,0,0.011543000116944313,-0.3780060112476349,0.9257310032844543,0,0.08036299794912338,0.11533699929714203,0.05984799936413765,1,0.9243490099906921,0.05994800105690956,0.3768090009689331,0,-0.12432699650526047,0.9810029864311218,0.14891499280929565,0,-0.36072400212287903,-0.18449699878692627,0.9142420291900635,0,0.01828099973499775,0.12085200101137161,0,1,0.9911180138587952,-0.13297900557518005,-0.0010010000551119447,0,0.13297900557518005,0.9911190271377563,-0.00016900000628083944,0,0.00101500004529953,0.00003400000059627928,0.9999989867210388,0,-0.00355300004594028,0.10638000071048737,0,1,0.9916700124740601,-0.12011999636888504,-0.04648499935865402,0,0.12265100330114365,0.7704759836196899,0.6255580186843872,0,-0.039326999336481094,-0.6260489821434021,0.7787910103797913,0,0.13586999475955963,0.30501899123191833,-0.0039450000040233135,1,0.9956719875335693,-0.033282000571489334,-0.086776003241539,0,0.09288100153207779,0.38945698738098145,0.9163489937782288,0,0.0032969999592751265,-0.9204429984092712,0.39086300134658813,0,-0.00004600000102072954,0.09388499706983566,0,1,0.9999970197677612,-0.0026289999950677156,-0.000024000000848900527,0,0.0026289999950677156,0.9999970197677612,0,0,0.000024000000848900527,0,1,0,0.00011500000255182385,0.0881590023636818,0,1,0.9868670105934143,-0.13352100551128387,-0.09092000126838684,0,0.15650199353694916,0.6508430242538452,0.7429069876670837,0,-0.04001900181174278,-0.7473800182342529,0.663191020488739,0,0.04127399995923042,0.3024280071258545,-0.00482300017029047,1,0.9924449920654297,-0.03966499865055084,-0.11610399931669235,0,0.12261900305747986,0.2878589928150177,0.9497900009155273,0,-0.004251999780535698,-0.9568510055541992,0.2905479967594147,0,-0.00016599999798927456,0.11099299788475037,0,1,0.9999979734420776,0.0022269999608397484,-0.00009100000170292333,0,-0.0022269999608397484,0.9999979734420776,0,0,0.00009100000170292333,0,1,0,-0.000003999999989900971,0.10498099774122238,0,1,0.9781270027160645,-0.19932299852371216,-0.059484001249074936,0,0.17863599956035614,0.6584190130233765,0.7311450242996216,0,-0.10656899958848953,-0.7257789969444275,0.679623007774353,0,-0.048353999853134155,0.31809601187705994,-0.004681999795138836,1,0.9909589886665344,-0.12137100100517273,-0.05718199908733368,0,0.07651200145483017,0.16111700236797333,0.9839649796485901,0,-0.11021199822425842,-0.9794440269470215,0.16894599795341492,0,-0.00006600000051548705,0.09055499732494354,0,1,0.9999930262565613,-0.003713000100106001,0.0000670000008540228,0,0.003713000100106001,0.9999930262565613,0,0,-0.0000670000008540228,0,1,0,0.00020500000391621143,0.08966799825429916,0,1,0.9649959802627563,-0.2564089894294739,-0.055107999593019485,0,0.22345200181007385,0.6938269734382629,0.6845970153808594,0,-0.1373019963502884,-0.6729480028152466,0.7268350124359131,0,-0.1287900060415268,0.2949860095977783,0.00043200000072829425,1,0.9784780144691467,-0.19474199414253235,-0.06824000179767609,0,0.0782649964094162,0.04424599930644035,0.9959499835968018,0,-0.19093400239944458,-0.979856014251709,0.05853600054979324,0,0.000014000000192027073,0.06775300204753876,0,1,1,0,0,0,0,1,0,0,0,0,1,0,-0.000022000000171829015,0.05780699849128723,0,1,-0.9808980226516724,-0.1095770001411438,0.16072200238704681,0,0.17300300300121307,-0.8691700100898743,0.46326398849487305,0,0.08893200010061264,0.48221999406814575,0.87152498960495,0,0.2857249975204468,-0.18941399455070496,0.04547400027513504,1,0.9975879788398743,-0.0672060027718544,0.01734600029885769,0,0.03916599974036217,0.33873501420021057,-0.9400659799575806,0,0.05730300024151802,0.9384790062904358,0.3405500054359436,0,0,1.2810159921646118,0,1,0.999879002571106,-0.014990000054240227,0.0041160001419484615,0,0.004296999890357256,0.521012008190155,0.853538990020752,0,-0.014938999898731709,-0.8534179925918579,0.5210130214691162,0,0,1.3940869569778442,0,1,0.998947024345398,-0.0161530002951622,-0.04294800013303757,0,0.03965400159358978,0.774836003780365,0.630918025970459,0,0.023087000474333763,-0.6319559812545776,0.7746599912643433,0,0,0.45636001229286194,0,1,-0.9872940182685852,-0.049279000610113144,-0.15106900036334991,0,0.008302000351250172,-0.9653949737548828,0.26065900921821594,0,-0.15868699550628662,0.25609299540519714,0.9535380005836487,0,-0.2857249975204468,-0.18941399455070496,0.04634400084614754,1,0.9841690063476562,0.1401430070400238,0.10849200189113617,0,-0.07148700207471848,0.8740460276603699,-0.48055601119995117,0,-0.16217300295829773,0.4651930034160614,0.8702269792556763,0,0,1.2810050249099731,0,1,0.9959989786148071,-0.08919399976730347,-0.005526999942958355,0,0.040038999170064926,0.3900969922542572,0.9199029803276062,0,-0.07989399880170822,-0.9164429903030396,0.3921079933643341,0,0,1.3930740356445312,0,1,0.9999930262565613,-0.0007200000109151006,-0.0036039999686181545,0,0.002933999989181757,0.746757984161377,0.665090024471283,0,0.0022120000794529915,-0.6650959849357605,0.7467550039291382,0,0,0.44698598980903625,0,1
K0.033,0.9988729953765869,-0.04040502384305,-0.024898795410990715,0,0.040829017758369446,0.9990249872207642,0.01679498702287674,0,0.024195795878767967,-0.017792977392673492,0.9995489716529846,0,-0.0037200141232460737,3.052156925201416,-0.05862106382846832,1,0.999813973903656,0.015641963109374046,-0.01129105780273676,0,-0.015393960289657116,0.9996449947357178,0.02176401950418949,0,0.011627056635916233,-0.021586019545793533,0.9996989965438843,0,0,0.3405719995498657,0.006136999931186438,1,0.9997230172157288,0.0023619665298610926,-0.02340409718453884,0,-0.002187964506447315,0.999970018863678,0.0074730380438268185,0,0.023421097546815872,-0.007420039270073175,0.9996979832649231,0,0,0.39739900827407837,0,1,0.9997230172157288,0.0023619665298610926,-0.02340409718453884,0,-0.002187964506447315,0.999970018863678,0.0074730380438268185,0,0.023421097546815872,-0.007420039270073175,0.9996979832649231,0,0,0.45416998863220215,0,1,0.999908983707428,-0.008001827634871006,0.010846039280295372,0,0.008094828575849533,0.9999309778213501,-0.008535991422832012,0,-0.01077704131603241,0.008622989989817142,0.999904990196228,0,0,0.5109410285949707,0,1,0.9983130097389221,0.02499488554894924,0.05239895358681679,0,-0.027045883238315582,0.9988800287246704,0.03881297633051872,0,-0.051369957625865936,-0.040164969861507416,0.997871994972229,0,0,0.25516700744628906,0.05134100094437599,1,0.2466249167919159,0.011296015232801437,-0.9690449833869934,0,0.7952719926834106,-0.5737940073013306,0.1957109123468399,0,-0.5538220405578613,-0.8189219832420349,-0.15049496293067932,0,0.29218900203704834,0.43046900629997253,0.002019000006839633,1,0.9859129190444946,-0.13272368907928467,0.10178549587726593,0,0.05137982591986656,0.8194478154182434,0.5708461403846741,0,-0.15917299687862396,-0.5575740337371826,0.8147239685058594,0,0,0.5462509989738464,0,1,0.8211869597434998,0.508215069770813,-0.2595570981502533,0,-0.46607810258865356,0.8597479462623596,0.20881900191307068,0,0.3292790949344635,-0.05050590634346008,0.9428809881210327,0,0,0.74058598279953,0,1,0.953571081161499,0.01632196083664894,-0.3007268011569977,0,-0.07649591565132141,0.9789100289344788,-0.18942901492118835,0,0.29129278659820557,0.2036379873752594,0.9347080588340759,0,0,0.5798069834709167,0,1,0.9407579898834229,0.3113270103931427,0.13435199856758118,0,-0.3333730101585388,0.7768329977989197,0.5342220067977905,0,0.061948999762535095,-0.5473629832267761,0.8345990180969238,0,-0.07745599746704102,0.10966599732637405,0.055188000202178955,1,0.9992420077323914,0.02807600051164627,0.026959000155329704,0,-0.02734299935400486,0.9992560148239136,-0.027201000601053238,0,-0.027703000232577324,0.026443999260663986,0.9992660284042358,0,-0.01920199953019619,0.1145310029387474,0,1,0.9691969752311707,0.24441200494766235,0.03033900074660778,0,-0.24430400133132935,0.9696710109710693,-0.007282000035047531,0,-0.031199000775814056,-0.0003549999964889139,0.9995129704475403,0,-0.0011739999754354358,0.10552600026130676,0,1,0.9741809964179993,0.22440703213214874,0.024774987250566483,0,-0.18717804551124573,0.741418182849884,0.6444097757339478,0,0.12624096870422363,-0.6324087381362915,0.7642791867256165,0,-0.13315099477767944,0.2904280126094818,-0.0026030000299215317,1,0.9942060112953186,0.06495098769664764,0.08564493060112,0,-0.0963759571313858,0.18585056066513062,0.9778398871421814,0,0.047593943774700165,-0.9804288744926453,0.19103357195854187,0,0.00004400000034365803,0.09230999648571014,0,1,0.9999859929084778,0.005233000032603741,0.00006900000153109431,0,-0.005233000032603741,0.9999859929084778,0,0,-0.00006900000153109431,0,1,0,-0.00019799999427050352,0.0896650031208992,0,1,0.9586520195007324,0.24965402483940125,0.13659799098968506,0,-0.24049904942512512,0.45411625504493713,0.8578688502311707,0,0.15213894844055176,-0.85524982213974,0.49538126587867737,0,-0.04796700179576874,0.2971610128879547,-0.0073090000078082085,1,0.990339994430542,0.0805560052394867,0.11285994946956635,0,-0.09820500016212463,-0.16712142527103424,0.9810330867767334,0,0.09788993746042252,-0.9826400876045227,-0.1575964391231537,0,0.000058000001445179805,0.10977999866008759,0,1,0.9999989867210388,-0.0011739999754354358,0.00007100000220816582,0,0.0011739999754354358,0.9999989867210388,0,0,-0.00007100000220816582,0,1,0,0.000022000000171829015,0.10393299907445908,0,1,0.9748550057411194,0.09738502651453018,0.20043396949768066,0,-0.22277899086475372,0.4470572769641876,0.8663188815116882,0,-0.005239031743258238,-0.8891878724098206,0.4575122594833374,0,0.04982500150799751,0.30143800377845764,-0.0035570000763982534,1,0.9959570169448853,0.06505201011896133,0.06194397062063217,0,-0.04675701633095741,-0.2133634388446808,0.9758531451225281,0,0.07669796794652939,-0.9748051166534424,-0.20945943892002106,0,0.00007400000322377309,0.09521199762821198,0,1,0.9999989867210388,0.0011350000277161598,-0.00005999999848427251,0,-0.0011350000277161598,0.9999989867210388,0,0,0.00005999999848427251,0,1,0,-0.00011500000255182385,0.08806899935007095,0,1,0.9659900069236755,0.02017403207719326,0.2577909827232361,0,-0.25263798236846924,0.2861112952232361,0.9242909550666809,0,-0.05511004105210304,-0.9579838514328003,0.28147730231285095,0,0.13129399716854095,0.2804589867591858,-0.0038419999182224274,1,0.9948750138282776,0.09908799827098846,0.020122991874814034,0,-0.014791050925850868,-0.0542474202811718,0.9984179735183716,0,0.10002299398183823,-0.993598997592926,-0.05250341817736626,0,0.000048999998398358,0.06959400326013565,0,1,1,0,0,0,0,1,0,0,0,0,1,0,-0.000015999999959603883,0.05757899954915047,0,1,0.15092407166957855,-0.02067200466990471,0.9883289933204651,0,-0.799298107624054,-0.5908368229866028,0.1096990779042244,0,0.581673800945282,-0.8065261244773865,-0.10569502413272858,0,-0.29218900203704834,0.4304490089416504,0.0008820000221021473,1,0.9374701380729675,0.31624239683151245,-0.14539749920368195,0,-0.1706012338399887,0.7815932035446167,0.6000058650970459,0,0.3033890426158905,-0.5376819968223572,0.7866719365119934,0,0,0.5462509989738464,0,1,0.8100775480270386,-0.5734116435050964,0.12236066907644272,0,0.5250776410102844,0.8023494482040405,0.28377610445022583,0,-0.2608969807624817,-0.16563208401203156,0.9510509967803955,0,0,0.7406920194625854,0,1,0.9037478566169739,0.17841672897338867,0.38911086320877075,0,-0.13898572325706482,0.982053816318512,-0.1274881660938263,0,-0.40487393736839294,0.061136867851018906,0.9123260378837585,0,0,0.5796729922294617,0,1,0.9185009598731995,-0.36229512095451355,-0.15842603147029877,0,0.39539411664009094,0.8460409045219421,0.357601135969162,0,0.004477912560105324,-0.39109814167022705,0.9203379154205322,0,0.08036299794912338,0.11533699929714203,0.05984799936413765,1,0.9304310083389282,0.05688190087676048,0.3620259761810303,0,-0.11682087182998657,0.9823799729347229,0.14588595926761627,0,-0.3473489582538605,-0.17802990972995758,0.9206809997558594,0,0.01828099973499775,0.12085200101137161,0,1,0.9911180138587952,-0.13297900557518005,-0.0010010000551119447,0,0.13297900557518005,0.9911190271377563,-0.00016900000628083944,0,0.00101500004529953,0.00003400000059627928,0.9999989867210388,0,-0.00355300004594028,0.10638000071048737,0,1,0.991474986076355,-0.12107201665639877,-0.04814901575446129,0,0.12314600497484207,0.7500268220901489,0.6498422026634216,0,-0.0425640270113945,-0.650232195854187,0.7585428357124329,0,0.13586999475955963,0.30501899123191833,-0.0039450000040233135,1,0.9954910278320312,-0.03401000797748566,-0.08855301886796951,0,0.09484802186489105,0.37112581729888916,0.9237260818481445,0,0.00144898088183254,-0.9279590845108032,0.37267881631851196,0,-0.00004600000102072954,0.09388499706983566,0,1,0.9999970197677612,-0.0026289999950677156,-0.000024000000848900527,0,0.0026289999950677156,0.9999970197677612,0,0,0.000024000000848900527,0,1,0,0.00011500000255182385,0.0881590023636818,0,1,0.9863409996032715,-0.1355760097503662,-0.0935400128364563,0,0.1587590128183365,0.6312018036842346,0.7591971158981323,0,-0.043886031955480576,-0.7636781334877014,0.6441038250923157,0,0.04127399995923042,0.3024280071258545,-0.00482300017029047,1,0.9922209978103638,-0.04017600417137146,-0.1178320124745369,0,0.12432301789522171,0.2704388201236725,0.9546760320663452,0,-0.00648902403190732,-0.9618980884552002,0.27332982420921326,0,-0.00016599999798927456,0.11099299788475037,0,1,0.9999979734420776,0.0022269999608397484,-0.00009100000170292333,0,-0.0022269999608397484,0.9999979734420776,0,0,0.00009100000170292333,0,1,0,-0.000003999999989900971,0.10498099774122238,0,1,0.9774609804153442,-0.20179101824760437,-0.062054019421339035,0,0.17979499697685242,0.6416048407554626,0.7456651329994202,0,-0.11065403372049332,-0.7400161027908325,0.6634248495101929,0,-0.048353999853134155,0.31809601187705994,-0.004681999795138836,1,0.9907730221748352,-0.12188901007175446,-0.05925402045249939,0,0.07629100233316422,0.14022979140281677,0.9871749877929688,0,-0.11201701313257217,-0.982587993144989,0.1482347846031189,0,-0.00006600000051548705,0.09055499732494354,0,1,0.9999930262565613,-0.003713000100106001,0.00006600000779144466,0,0.003713000100106001,0.9999930262565613,0,0,-0.00006600000779144466,0,1,0,0.00020500000391621143,0.08966799825429916,0,1,0.9638770222663879,-0.25990304350852966,-0.058234017342329025,0,0.22526299953460693,0.6788168549537659,0.6989021301269531,0,-0.14211703836917877,-0.6867731213569641,0.7128428816795349,0,-0.1287900060415268,0.2949860095977783,0.00043200000072829425,1,0.978272020816803,-0.19509099423885345,-0.070172019302845,0,0.0757879689335823,0.021463753655552864,0.9968929886817932,0,-0.19297800958156586,-0.9805499911308289,0.03578275442123413,0,0.000014000000192027073,0.06775300204753876,0,1,1,0,0,0,0,1,0,0,0,0,1,0,-0.000022000000171829015,0.05780699849128723,0,1,-0.9822670221328735,-0.09402591735124588,0.1622028946876526,0,0.16591289639472961,-0.8388428092002869,0.518474280834198,0,0.08731190115213394,0.5361922979354858,0.8395678400993347,0,0.2857249975204468,-0.18941399455070496,0.04547400027513504,1,0.9979329705238342,-0.04625880345702171,0.044601310044527054,0,0.060779158025979996,0.4542204737663269,-0.8888130784034729,0,0.020856549963355064,0.8896871209144592,0.456093430519104,0,0,1.2810159921646118,0,1,0.9999780058860779,-0.005849867127835751,0.0032169960904866457,0,0.000024941004085121676,0.4850896894931793,0.8744641542434692,0,-0.006676880177110434,-0.8744441866874695,0.48507970571517944,0,0,1.3940869569778442,0,1,0.9998949766159058,-0.010611834935843945,-0.009825125336647034,0,0.014448295347392559,0.7623368501663208,0.6470192074775696,0,0.0006244528922252357,-0.6470931768417358,0.7624108195304871,0,0,0.45636001229286194,0,1,-0.9854689836502075,-0.044157881289720535,-0.1640121191740036,0,0.014442999847233295,-0.9839031100273132,0.1781192272901535,0,-0.16923709213733673,0.17316222190856934,0.9702441096305847,0,-0.2857249975204468,-0.18941399455070496,0.04634400084614754,1,0.9814119338989258,0.1434400975704193,0.12749917805194855,0,-0.07179705053567886,0.8905311226844788,-0.44921979308128357,0,-0.17797818779945374,0.4317157566547394,0.8842770457267761,0,0,1.2810050249099731,0,1,0.9947440028190613,-0.10227307677268982,-0.005005990620702505,0,0.044074006378650665,0.3835209012031555,0.922480046749115,0,-0.09242507815361023,-0.9178520441055298,0.3860129117965698,0,0,1.3930740356445312,0,1,0.9999949932098389,-0.002424011006951332,-0.0017880143132060766,0,0.002998017705976963,0.7434679865837097,0.6687650084495544,0,-0.00029099680250510573,-0.668766975402832,0.7434719800949097,0,0,0.44698598980903625,0,1
