4.300,30,129,65
B0,mixamorig_Hips,-1,0.9962098598480225,-0.04137646406888962,0.07649639993906021,0,0.04645058512687683,0.9967506527900696,-0.06579217314720154,0,-0.07352472096681595,0.06909728050231934,0.9948964715003967,0,-0.031762927770614624,3.0829274654388428,-0.0774816945195198,1
B1,mixamorig_Spine,0,0.9987057447433472,0.04338480159640312,-0.026539260521531105,0,-0.0410628542304039,0.9957420825958252,0.08252987265586853,0,0.030006904155015945,-0.08133269101381302,0.9962354898452759,0,0,0.3405719995498657,0.006136999931186438,1
B2,mixamorig_Spine1,1,0.9995794296264648,0.02756652422249317,-0.009009630419313908,0,-0.027324507012963295,0.9992892742156982,0.025977909564971924,0,0.009720171801745892,-0.0257212333381176,0.9996219277381897,0,0,0.39739900827407837,0,1
B3,mixamorig_Spine2,2,0.9995724558830261,0.027693912386894226,-0.009413919411599636,0,-0.027445897459983826,0.999297022819519,0.025544436648488045,0,0.010114460252225399,-0.02527499571442604,0.9996289014816284,0,0,0.45416998863220215,0,1
B4,mixamorig_Neck,3,0.9998175501823425,0.018752699717879295,0.0034515189472585917,0,-0.018969377502799034,0.9965750575065613,0.08048293739557266,0,-0.0019302177242934704,-0.08053404837846756,0.9967499375343323,0,0,0.5109410285949707,0,1
B5,mixamorig_Head,4,0.9993227124214172,0.031269777566194534,-0.01922629028558731,0,-0.033815763890743256,0.9879786968231201,-0.15082228183746338,0,0.014276265166699886,0.15136955678462982,0.9883732199668884,0,0,0.25516700744628906,0.05134100094437599,1
B6,mixamorig_HeadTop_End,5,1,0,0,0,0,1,0,0,0,0,1,0,0,0.817982017993927,0.1645819991827011,1
B7,mixamorig_LeftShoulder,3,0.30675387382507324,0.015588915906846523,-0.9516609311103821,0,0.8150925636291504,-0.5205791592597961,0.25420522689819336,0,-0.4914521276950836,-0.8536714911460876,-0.17239606380462646,0,0.29218900203704834,0.43046900629997253,0.002019000006839633,1
B8,mixamorig_LeftArm,7,0.9513492584228516,0.27596867084503174,-0.1368858516216278,0,-0.06906252354383469,0.6241217851638794,0.7782681584358215,0,0.3002111613750458,-0.7309472560882568,0.6128233671188354,0,0,0.5462509989738464,0,1
B9,mixamorig_LeftForeArm,8,0.9989403486251831,0.04602424427866936,-0.00024623729404993355,0,-0.04602448269724846,0.9989393353462219,-0.0015727459685876966,0,0.00017376270261593163,0.0015827460447326303,0.9999989867210388,0,0,0.74058598279953,0,1
B10,mixamorig_LeftHand,9,0.8050997257232666,-0.11365463584661484,0.5821461081504822,0,0.01611129380762577,0.9852970242500305,0.17008334398269653,0,-0.5929188132286072,-0.12755629420280457,0.7950945496559143,0,0,0.5798069834709167,0,1
B11,mixamorig_LeftHandThumb1,10,0.8907415270805359,0.45444610714912415,0.007648404687643051,0,-0.428029328584671,0.8330653309822083,0.35041916370391846,0,0.15287496149539948,-0.31540632247924805,0.9365617036819458,0,-0.07745599746704102,0.10966599732637405,0.055188000202178955,1
B12,mixamorig_LeftHandThumb2,11,0.9285724759101868,-0.36116084456443787,-0.08552892506122589,0,0.33047428727149963,0.9094429612159729,-0.252387672662735,0,0.1689358651638031,0.20609524846076965,0.9638386964797974,0,-0.01920199953019619,0.1145310029387474,0,1
B13,mixamorig_LeftHandThumb3,12,0.9520010948181152,0.2840633988380432,0.11402325332164764,0,-0.2435804158449173,0.9286419153213501,-0.27980801463127136,0,-0.18537025153636932,0.23860332369804382,0.9532610177993774,0,-0.0011739999754354358,0.10552600026130676,0,1
B14,mixamorig_LeftHandThumb4,13,1,0,0,0,0,1,0,0,0,0,1,0,0.020376000553369522,0.08500000089406967,0,1
B15,mixamorig_LeftHandIndex1,10,0.9843735098838806,0.17608483135700226,0.0015822952846065164,0,-0.17526933550834656,0.9788731336593628,0.10527467727661133,0,0.01698661968111992,-0.1039077490568161,0.9944398403167725,0,-0.13315099477767944,0.2904280126094818,-0.0026030000299215317,1
B16,mixamorig_LeftHandIndex2,15,0.999396026134491,-0.03432520478963852,-0.005428813397884369,0,0.03438320383429527,0.9539673924446106,0.2979327142238617,0,-0.005047813523560762,-0.2979394495487213,0.9545713663101196,0,0.00004400000034365803,0.09230999648571014,0,1
B17,mixamorig_LeftHandIndex3,16,0.9999510049819946,-0.009863965213298798,-0.0005675253923982382,0,0.009846965782344341,0.9901964664459229,0.13933508098125458,0,-0.0008122880244627595,-0.1393340826034546,0.9902454614639282,0,-0.00019799999427050352,0.0896650031208992,0,1
B18,mixamorig_LeftHandIndex4,17,1,0,0,0,0,1,0,0,0,0,1,0,0.0001539999939268455,0.06658899784088135,0,1
B19,mixamorig_LeftHandMiddle1,10,0.9931436777114868,0.11630412936210632,0.011772154830396175,0,-0.11582721024751663,0.9654431343078613,0.2334592640399933,0,0.015787184238433838,-0.23322169482707977,0.9722954630851746,0,-0.04796700179576874,0.2971610128879547,-0.0073090000078082085,1
B20,mixamorig_LeftHandMiddle2,19,0.9993770122528076,-0.03491723909974098,-0.00520623754709959,0,0.03488023951649666,0.9538565278053284,0.2982284426689148,0,-0.005446999799460173,-0.29822441935539246,0.9544805288314819,0,0.000058000001445179805,0.10977999866008759,0,1
B21,mixamorig_LeftHandMiddle3,20,0.9992949962615967,-0.037047237157821655,-0.006105999927967787,0,0.03708423674106598,0.9483914971351624,0.3149266541004181,0,-0.005876000039279461,-0.31493067741394043,0.9490965008735657,0,0.000022000000171829015,0.10393299907445908,0,1
B22,mixamorig_LeftHandMiddle4,21,1,0,0,0,0,1,0,0,0,0,1,0,-0.00007999999797903001,0.0852380022406578,0,1
B23,mixamorig_LeftHandRing1,10,0.9953882098197937,0.09574481844902039,0.0059524052776396275,0,-0.09228316694498062,0.9387602210044861,0.33198270201683044,0,0.026198284700512886,-0.3310016691684723,0.9432662129402161,0,0.04982500150799751,0.30143800377845764,-0.0035570000763982534,1
B24,mixamorig_LeftHandRing2,23,0.9990664124488831,-0.04246138408780098,-0.007933897897601128,0,0.042465146631002426,0.9318049550056458,0.3604657053947449,0,-0.007912897504866123,-0.36046648025512695,0.9327386021614075,0,0.00007400000322377309,0.09521199762821198,0,1
B25,mixamorig_LeftHandRing3,24,0.9994192123413086,-0.033618196845054626,-0.0055955578573048115,0,0.033692196011543274,0.9499437808990479,0.3105993866920471,0,-0.00512603297829628,-0.3106074035167694,0.9505245685577393,0,-0.00011500000255182385,0.08806899935007095,0,1
B26,mixamorig_LeftHandRing4,25,1,0,0,0,0,1,0,0,0,0,1,0,0.00004199999966658652,0.07123199850320816,0,1
B27,mixamorig_LeftHandPinky1,10,0.9980137348175049,0.0628664568066597,-0.004094630945473909,0,-0.05518431216478348,0.9037178754806519,0.42455732822418213,0,0.030390705913305283,-0.4234878420829773,0.9053913354873657,0,0.13129399716854095,0.2804589867591858,-0.0038419999182224274,1
B28,mixamorig_LeftHandPinky2,27,0.9994194507598877,-0.03366509824991226,-0.005193016491830349,0,0.03366509824991226,0.9529465436935425,0.30126309394836426,0,-0.005193016491830349,-0.30126309394836426,0.9535268545150757,0,0.000048999998398358,0.06959400326013565,0,1
B29,mixamorig_LeftHandPinky3,28,0.9994775056838989,-0.03199109807610512,-0.0046782540157437325,0,0.03199109807610512,0.9576094746589661,0.2862871289253235,0,-0.0046782540157437325,-0.2862871289253235,0.9581327438354492,0,-0.000015999999959603883,0.05757899954915047,0,1
B30,mixamorig_LeftHandPinky4,29,1,0,0,0,0,1,0,0,0,0,1,0,-0.00003400000059627928,0.044165000319480896,0,1
B31,mixamorig_RightShoulder,3,0.2664503753185272,-0.018414394930005074,0.963672935962677,0,-0.8015385270118713,-0.5595038533210754,0.21092930436134338,0,0.5352944135665894,-0.8286226987838745,-0.16384020447731018,0,-0.29218900203704834,0.4304490089416504,0.0008820000221021473,1
B32,mixamorig_RightArm,31,0.8658801913261414,-0.37071171402931213,0.3358764052391052,0,0.04944455251097679,0.7315683364868164,0.6799721121788025,0,-0.4977909326553345,-0.5721648335456848,0.6517819166183472,0,0,0.5462509989738464,0,1
B33,mixamorig_RightForeArm,32,0.9949744343757629,-0.10010641068220139,0.0006730342865921557,0,0.10010764747858047,0.9949684143066406,-0.003430682234466076,0,-0.0003259656368754804,0.0034803939051926136,0.9999937415122986,0,0,0.7406920194625854,0,1
B34,mixamorig_RightHand,33,0.9317208528518677,0.15601037442684174,-0.32794731855392456,0,-0.10558588802814484,0.9803852438926697,0.16640201210975647,0,0.3474746644496918,-0.12041830271482468,0.9299224019050598,0,0,0.5796729922294617,0,1
B35,mixamorig_RightHandThumb1,34,0.8852142095565796,-0.46499505639076233,-0.013205924071371555,0,0.4375566244125366,0.8226708769798279,0.36298343539237976,0,-0.15792155265808105,-0.3270968198776245,0.9317022562026978,0,0.08036299794912338,0.11533699929714203,0.05984799936413765,1
B36,mixamorig_RightHandThumb2,35,0.9062962532043457,0.41442838311195374,0.08292359113693237,0,-0.38840505480766296,0.8940479755401611,-0.2232038676738739,0,-0.1666398048400879,0.17008081078529358,0.9712384939193726,0,0.01828099973499775,0.12085200101137161,0,1
B37,mixamorig_RightHandThumb3,36,0.9841275215148926,-0.15053938329219818,-0.09397526830434799,0,0.11182253807783127,0.9372222423553467,-0.3303176462650299,0,0.13780173659324646,0.31456634402275085,0.9391798377037048,0,-0.00355300004594028,0.10638000071048737,0,1
B38,mixamorig_RightHandThumb4,37,1,0,0,0,0,1,0,0,0,0,1,0,-0.0147280003875494,0.087117999792099,0,1
B39,mixamorig_RightHandIndex1,34,0.9871136546134949,-0.16001394391059875,-0.0015614477451890707,0,0.15944354236125946,0.982673168182373,0.09448998421430588,0,-0.013585737906396389,-0.09352103620767593,0.9955235123634338,0,0.13586999475955963,0.30501899123191833,-0.0039450000040233135,1
B40,mixamorig_RightHandIndex2,39,0.9997427463531494,0.022424543276429176,0.0035098479129374027,0,-0.0224575437605381,0.9548619985580444,0.2962004244327545,0,0.003290610620751977,-0.2962034344673157,0.955119252204895,0,-0.00004600000102072954,0.09388499706983566,0,1
B41,mixamorig_RightHandIndex3,40,0.9999737739562988,0.007258781231939793,0.00045094933011569083,0,-0.00725278165191412,0.9905458688735962,0.13698893785476685,0,0.0005471867043524981,-0.13698893785476685,0.9905721545219421,0,0.00011500000255182385,0.0881590023636818,0,1
B42,mixamorig_RightHandIndex4,41,1,0,0,0,0,1,0,0,0,0,1,0,-0.00006900000153109431,0.06693100184202194,0,1
B43,mixamorig_RightHandMiddle1,34,0.9948610663414001,-0.10114891827106476,-0.00459881778806448,0,0.09934104233980179,0.9662773013114929,0.23756544291973114,0,-0.01958587020635605,-0.23680178821086884,0.9713597893714905,0,0.04127399995923042,0.3024280071258545,-0.00482300017029047,1
B44,mixamorig_RightHandMiddle2,43,0.9997329711914062,0.022856423631310463,0.003287474624812603,0,-0.02279142290353775,0.9537485837936401,0.29973992705345154,0,0.0037154746241867542,-0.2997349500656128,0.9540155529975891,0,-0.00016599999798927456,0.11099299788475037,0,1
B45,mixamorig_RightHandMiddle3,44,0.9996939897537231,0.02437342330813408,0.004229711834341288,0,-0.02445942349731922,0.9482793211936951,0.3164929449558258,0,0.003702474758028984,-0.3164997100830078,0.9485853314399719,0,-0.000003999999989900971,0.10498099774122238,0,1
B46,mixamorig_RightHandMiddle4,45,1,0,0,0,0,1,0,0,0,0,1,0,0.00016999999934341758,0.08984799683094025,0,1
B47,mixamorig_RightHandRing1,34,0.996263861656189,-0.08632524311542511,-0.0023762239143252373,0,0.0821843147277832,0.939303457736969,0.33309635519981384,0,-0.026523036882281303,-0.33204764127731323,0.942889392375946,0,-0.048353999853134155,0.31809601187705994,-0.004681999795138836,1
B48,mixamorig_RightHandRing2,47,0.9995782375335693,0.028514066711068153,0.005440626759082079,0,-0.02856430411338806,0.9327952861785889,0.35927292704582214,0,0.0051696267910301685,-0.3592769503593445,0.9332168102264404,0,-0.00006600000051548705,0.09055499732494354,0,1
B49,mixamorig_RightHandRing3,48,0.9998310208320618,0.01813206821680069,0.0030573387630283833,0,-0.018189067021012306,0.9508543014526367,0.3091052174568176,0,0.002697338815778494,-0.3091084659099579,0.9510230422019958,0,0.00020500000391621143,0.08966799825429916,0,1
B50,mixamorig_RightHandRing4,49,1,0,0,0,0,1,0,0,0,0,1,0,-0.00013899999612476677,0.06740099936723709,0,1
B51,mixamorig_RightHandPinky1,34,0.9983643293380737,-0.055588435381650925,0.013332991860806942,0,0.044469911605119705,0.9017797708511353,0.4298998713493347,0,-0.035921864211559296,-0.42860397696495056,0.9027773141860962,0,-0.1287900060415268,0.2949860095977783,0.00043200000072829425,1
B52,mixamorig_RightHandPinky2,51,0.9997947812080383,0.020037848502397537,0.003077711910009384,0,-0.020037848502397537,0.9537076950073242,0.3000659942626953,0,0.003077711910009384,-0.3000659942626953,0.953913688659668,0,0.000014000000192027073,0.06775300204753876,0,1
B53,mixamorig_RightHandPinky3,52,0.9998149871826172,0.01903184875845909,0.0027697118930518627,0,-0.01903184875845909,0.9583396911621094,0.2849958539009094,0,0.002769949147477746,-0.2849958539009094,0.9585247039794922,0,-0.000022000000171829015,0.05780699849128723,0,1
B54,mixamorig_RightHandPinky4,53,1,0,0,0,0,1,0,0,0,0,1,0,0.000007999999979801942,0.04340200126171112,0,1
B55,mixamorig_LeftUpLeg,0,-0.9420589208602905,-0.16379202902317047,0.29273974895477295,0,0.21621578931808472,-0.9637063145637512,0.15658776462078094,0,0.25646746158599854,0.21080917119979858,0.9432826638221741,0,0.2857249975204468,-0.18941399455070496,0.04547400027513504,1
B56,mixamorig_LeftLeg,55,0.9999683499336243,-0.006807620171457529,0.00403732992708683,0,0.007713050115853548,0.9524862766265869,-0.3044823706150055,0,-0.0017720742616802454,0.3045041263103485,0.9525083899497986,0,0,1.2810159921646118,0,1
B57,mixamorig_LeftFoot,56,0.9928319454193115,-0.11951184272766113,0.0013812199467793107,0,0.06482195854187012,0.5481348037719727,0.8338741064071655,0,-0.10041516274213791,-0.8278074860572815,0.5519530773162842,0,0,1.3940869569778442,0,1
B58,mixamorig_LeftToeBase,57,0.999925971031189,-0.0012449148343876004,-0.012127253226935863,0,0.008890880271792412,0.7551044821739197,0.6555436849594116,0,0.008341237902641296,-0.6556024551391602,0.7550594806671143,0,0,0.45636001229286194,0,1
B59,mixamorig_LeftToe_End,58,1,0,0,0,0,1,0,0,0,0,1,0,0,0.2066970020532608,0,1
B60,mixamorig_RightUpLeg,0,-0.9828110337257385,-0.010592197999358177,-0.18430931866168976,0,0.002378886565566063,-0.9989879131317139,0.0447319857776165,0,-0.18459764122962952,0.04352410137653351,0.9818413257598877,0,-0.2857249975204468,-0.18941399455070496,0.04634400084614754,1
B61,mixamorig_RightLeg,60,0.9866762161254883,-0.0032108835875988007,-0.16265971958637238,0,-0.04550538584589958,0.954433262348175,-0.29485538601875305,0,0.1562003791332245,0.29832831025123596,0.9415707588195801,0,0,1.2810050249099731,0,1
B62,mixamorig_RightFoot,61,0.998632550239563,0.04011569544672966,-0.033516962081193924,0,0.012289836071431637,0.4430139362812042,0.8964236378669739,0,0.050805963575839996,-0.8956102132797241,0.44191575050354004,0,0,1.3930740356445312,0,1
B63,mixamorig_RightToeBase,62,0.999917209148407,0.0017625761684030294,0.012730389833450317,0,-0.010139202699065208,0.7169206738471985,0.6970812082290649,0,-0.007898237556219101,-0.6971530318260193,0.7168786525726318,0,0,0.44698598980903625,0,1
B64,mixamorig_RightToe_End,63,1,0,0,0,0,1,0,0,0,0,1,0,0,0.20729799568653107,0,1
@52,0,1,2,3,4,5,7,8,9,10,11,12,13,15,16,17,19,20,21,23,24,25,27,28,29,31,32,33,34,35,36,37,39,40,41,43,44,45,47,48,49,51,52,53,55,56,57,58,60,61,62,63
K0.000,0.9937940239906311,-0.0582210011780262,0.09478200227022171,0,0.06403400003910065,0.9961730241775513,-0.05949300155043602,0,-0.09095499664545059,0.06519299745559692,0.9937189817428589,0,0.015545999631285667,3.089967966079712,-0.04884599894285202,1,0.9985629916191101,0.047867000102996826,-0.02411000058054924,0,-0.04589200019836426,0.9959970116615295,0.07670699805021286,0,0.027684999629855156,-0.07548999786376953,0.9967619776725769,0,0,0.3405719995498657,0.006136999931186438,1,0.9996150135993958,0.02710999920964241,-0.005865999963134527,0,-0.026985999196767807,0.9994300007820129,0.02026199921965599,0,0.0064119999296963215,-0.020096000283956528,0.9997770190238953,0,0,0.39739900827407837,0,1,0.9996110200881958,0.02716200053691864,-0.006262999959290028,0,-0.027032999321818352,0.9994379878044128,0.019821999594569206,0,0.0067980000749230385,-0.019644999876618385,0.999783992767334,0,0,0.45416998863220215,0,1,0.9999679923057556,0.007799999788403511,0.0020089999306946993,0,-0.007935999892652035,0.9967569708824158,0.08007899671792984,0,-0.0013780000153928995,-0.08009299635887146,0.9967859983444214,0,0,0.5109410285949707,0,1,0.9997109770774841,-0.0045540002174675465,-0.023615000769495964,0,0.0014059999957680702,0.9912949800491333,-0.1316560059785843,0,0.02400900050997734,0.13158400356769562,0.9910140037536621,0,0,0.25516700744628906,0.05134100094437599,1,0.3108009994029999,0.015301000326871872,-0.9503520131111145,0,0.8126770257949829,-0.5228019952774048,0.25735899806022644,0,-0.4929080009460449,-0.8523169755935669,-0.17492200434207916,0,0.29218900203704834,0.43046900629997253,0.002019000006839633,1,0.9294400215148926,0.32444798946380615,-0.1757120043039322,0,-0.06740599870681763,0.6175100207328796,0.7836689949035645,0,0.36276400089263916,-0.7165290117263794,0.5958089828491211,0,0,0.5462509989738464,0,1,0.999675989151001,0.025452999398112297,-0.0002209999947808683,0,-0.025452999398112297,0.999675989151001,-0.0008699999889358878,0,0.0001990000018849969,0.0008750000270083547,1,0,0,0.74058598279953,0,1,0.820061981678009,-0.1347929984331131,0.5561739802360535,0,0.03586700186133385,0.9820600152015686,0.18512499332427979,0,-0.571150004863739,-0.131865993142128,0.8101850152015686,0,0,0.5798069834709167,0,1,0.900846004486084,0.4341300129890442,-0.0026080000679939985,0,-0.40398600697517395,0.8404639959335327,0.3611299991607666,0,0.1589689999818802,-0.32426899671554565,0.9325119853019714,0,-0.07745599746704102,0.10966599732637405,0.055188000202178955,1,0.925046980381012,-0.3703579902648926,-0.08440300077199936,0,0.3400459885597229,0.9064279794692993,-0.2505129873752594,0,0.16928499937057495,0.20303599536418915,0.9644269943237305,0,-0.01920199953019619,0.1145310029387474,0,1,0.9528279900550842,0.2809079885482788,0.11493200063705444,0,-0.24035300314426422,0.9295949935913086,-0.279433012008667,0,-0.18533499538898468,0.23862800002098083,0.9532619714736938,0,-0.0011739999754354358,0.10552600026130676,0,1,0.984483003616333,0.17546899616718292,0.0017640000442042947,0,-0.17462800443172455,0.9786790013313293,0.10813400149345398,0,0.01724799908697605,-0.10676400363445282,0.9941350221633911,0,-0.13315099477767944,0.2904280126094818,-0.0026030000299215317,1,0.9993939995765686,-0.034366000443696976,-0.005442999769002199,0,0.034425001591444016,0.9538459777832031,0.29831600189208984,0,-0.005061000119894743,-0.29832300543785095,0.9544519782066345,0,0.00004400000034365803,0.09230999648571014,0,1,0.9999510049819946,-0.009908000007271767,-0.0005729999975301325,0,0.009890999644994736,0.9901390075683594,0.13973599672317505,0,-0.0008169999928213656,-0.13973499834537506,0.9901890158653259,0,-0.00019799999427050352,0.0896650031208992,0,1,0.9937160015106201,0.11139299720525742,0.010931000113487244,0,-0.11062999814748764,0.9626590013504028,0.24707800149917603,0,0.017000000923871994,-0.24673500657081604,0.9689339995384216,0,-0.04796700179576874,0.2971610128879547,-0.0073090000078082085,1,0.9993749856948853,-0.034961998462677,-0.00522099994122982,0,0.03492499887943268,0.9537320137023926,0.2986229956150055,0,-0.00546099990606308,-0.29861900210380554,0.9543570280075073,0,0.000058000001445179805,0.10977999866008759,0,1,0.9992930293083191,-0.03709099814295769,-0.006120999809354544,0,0.03712800145149231,0.9482629895210266,0.31530800461769104,0,-0.005890999920666218,-0.315311998128891,0.9489700198173523,0,0.000022000000171829015,0.10393299907445908,0,1,0.9955440163612366,0.09414300322532654,0.005489999894052744,0,-0.09046400338411331,0.9369500279426575,0.337552011013031,0,0.026635000482201576,-0.336544007062912,0.9412909746170044,0,0.04982500150799751,0.30143800377845764,-0.0035570000763982534,1,0.9990879893302917,-0.041999999433755875,-0.007751000113785267,0,0.042002998292446136,0.933417022228241,0.35632699728012085,0,-0.00773000018671155,-0.35632801055908203,0.9343289732933044,0,0.00007400000322377309,0.09521199762821198,0,1,0.9994360208511353,-0.03313799947500229,-0.005439999978989363,0,0.03321100026369095,0.95135098695755,0.30631500482559204,0,-0.0049749999307096004,-0.30632299184799194,0.9519150257110596,0,-0.00011500000255182385,0.08806899935007095,0,1,0.9982410073280334,0.05870800092816353,-0.008322999812662601,0,-0.04933499917387962,0.9002100229263306,0.43265199661254883,0,0.032892998307943344,-0.4314799904823303,0.9015229940414429,0,0.13129399716854095,0.2804589867591858,-0.0038419999182224274,1,0.9994300007820129,-0.033378999680280685,-0.005102999974042177,0,0.033378999680280685,0.9537619948387146,0.29870501160621643,0,-0.005102999974042177,-0.29870501160621643,0.9543319940567017,0,0.000048999998398358,0.06959400326013565,0,1,0.9994869828224182,-0.03170400112867355,-0.004592999815940857,0,0.03170400112867355,0.9583839774131775,0.28371500968933105,0,-0.004592999815940857,-0.28371500968933105,0.9588980078697205,0,-0.000015999999959603883,0.05757899954915047,0,1,0.2724449932575226,-0.01875999942421913,0.9619889855384827,0,-0.8010429739952087,-0.5582879781723022,0.21597599983215332,0,0.5330150127410889,-0.8294349908828735,-0.1671299934387207,0,-0.29218900203704834,0.4304490089416504,0.0008820000221021473,1,0.8510720133781433,-0.3919680118560791,0.34933900833129883,0,0.05245000123977661,0.7254869937896729,0.6862350106239319,0,-0.5224220156669617,-0.5657119750976562,0.6380000114440918,0,0,0.5462509989738464,0,1,0.9931910037994385,-0.11649200320243835,0.0007340000011026859,0,0.11649399995803833,0.9931830167770386,-0.003990999888628721,0,-0.0002640000020619482,0.004050000105053186,0.9999920129776001,0,0,0.7406920194625854,0,1,0.9277009963989258,0.14155100286006927,-0.34544798731803894,0,-0.08426900207996368,0.9808470010757446,0.17560899257659912,0,0.36368900537490845,-0.13380199670791626,0.9218609929084778,0,0,0.5796729922294617,0,1,0.8846740126609802,-0.46599099040031433,-0.014307999983429909,0,0.43870100378990173,0.821694016456604,0.36381199955940247,0,-0.15777599811553955,-0.3281320035457611,0.931361973285675,0,0.08036299794912338,0.11533699929714203,0.05984799936413765,1,0.9046390056610107,0.41805100440979004,0.08283200114965439,0,-0.3920480012893677,0.8925340175628662,-0.22289299964904785,0,-0.16711099445819855,0.16916300356388092,0.9713180065155029,0,0.01828099973499775,0.12085200101137161,0,1,0.9840220212936401,-0.1512710005044937,-0.0939050018787384,0,0.11253400146961212,0.9371200203895569,-0.33036500215530396,0,0.13797500729560852,0.3145189881324768,0.9391700029373169,0,-0.00355300004594028,0.10638000071048737,0,1,0.9873980283737183,-0.1582469940185547,-0.0018789999885484576,0,0.15759800374507904,0.9821249842643738,0.1029290035367012,0,-0.014442999847233295,-0.10192800313234329,0.994687020778656,0,0.13586999475955963,0.30501899123191833,-0.0039450000040233135,1,0.999737024307251,0.022645000368356705,0.0035830000415444374,0,-0.022678999230265617,0.9538949728012085,0.2992810010910034,0,0.003358999965712428,-0.2992840111255646,0.9541580080986023,0,-0.00004600000102072954,0.09388499706983566,0,1,0.9999719858169556,0.00749000022187829,0.00047900000936351717,0,-0.007482999935746193,0.9900969862937927,0.14018599689006805,0,0.0005760000203736126,-0.14018599689006805,0.9901250004768372,0,0.00011500000255182385,0.0881590023636818,0,1,0.9947969913482666,-0.10175800323486328,-0.004918000195175409,0,0.09987500309944153,0.9645940065383911,0.2440979927778244,0,-0.02009500004351139,-0.24331900477409363,0.9697380065917969,0,0.04127399995923042,0.3024280071258545,-0.00482300017029047,1,0.9997329711914062,0.02286200039088726,0.003289999905973673,0,-0.022796999663114548,0.9537240266799927,0.2998169958591461,0,0.0037169998977333307,-0.299811989068985,0.9539909958839417,0,-0.00016599999798927456,0.11099299788475037,0,1,0.9996939897537231,0.024379000067710876,0.004230999853461981,0,-0.024464000016450882,0.9482539892196655,0.3165690004825592,0,0.003705000039190054,-0.3165760040283203,0.9485599994659424,0,-0.000003999999989900971,0.10498099774122238,0,1,0.9962189793586731,-0.08684399724006653,-0.002598999999463558,0,0.08268799632787704,0.9385070204734802,0.3352130055427551,0,-0.0266720000654459,-0.3341600000858307,0.9421390295028687,0,-0.048353999853134155,0.31809601187705994,-0.004681999795138836,1,0.9995819926261902,0.028402000665664673,0.005392999853938818,0,-0.02845199964940548,0.933417022228241,0.35766398906707764,0,0.005123999901115894,-0.3576680123806,0.9338350296020508,0,-0.00006600000051548705,0.09055499732494354,0,1,0.9998329877853394,0.018015999346971512,0.003022999968379736,0,-0.018073000013828278,0.9513859748840332,0.30747100710868835,0,0.00266400002874434,-0.3074739873409271,0.9515529870986938,0,0.00020500000391621143,0.08966799825429916,0,1,0.9983090162277222,-0.056738000363111496,0.012632999569177628,0,0.04573899880051613,0.9008830189704895,0.4316459894180298,0,-0.0358709990978241,-0.4303390085697174,0.9019539952278137,0,-0.1287900060415268,0.2949860095977783,0.00043200000072829425,1,0.9997950196266174,0.02002600021660328,0.0030739998910576105,0,-0.02002600021660328,0.9537609815597534,0.2998969852924347,0,0.0030739998910576105,-0.2998969852924347,0.9539669752120972,0,0.000014000000192027073,0.06775300204753876,0,1,0.9998149871826172,0.01902100071310997,0.002767000114545226,0,-0.01902100071310997,0.9583839774131775,0.2848460078239441,0,0.002767000114545226,-0.2848460078239441,0.9585689902305603,0,-0.000022000000171829015,0.05780699849128723,0,1,-0.9429450035095215,-0.1692579984664917,0.2867169976234436,0,0.22147199511528015,-0.9618589878082275,0.1605529934167862,0,0.24860599637031555,0.21489299833774567,0.9444659948348999,0,0.2857249975204468,-0.18941399455070496,0.04547400027513504,1,0.9996740221977234,-0.0010319999419152737,0.025508999824523926,0,0.00938900001347065,0.9440150260925293,-0.32976800203323364,0,-0.023739999160170555,0.32989999651908875,0.9437170028686523,0,0,1.2810159921646118,0,1,0.9930440187454224,-0.11773800104856491,0.0007399999885819852,0,0.06194400042295456,0.527783989906311,0.847117006778717,0,-0.10012800246477127,-0.8411790132522583,0.5314059853553772,0,0,1.3940869569778442,0,1,0.999925971031189,-0.0012130000395700336,-0.012075000442564487,0,0.008812000043690205,0.7567030191421509,0.6536999940872192,0,0.008344000205397606,-0.6537579894065857,0.7566580176353455,0,0,0.45636001229286194,0,1,-0.9832829833030701,-0.01413199957460165,-0.18153299391269684,0,0.012919999659061432,-0.9998859763145447,0.007860999554395676,0,-0.18162299692630768,0.005384000018239021,0.9833530187606812,0,-0.2857249975204468,-0.18941399455070496,0.04634400084614754,1,0.986752986907959,-0.001151000033132732,-0.16222499310970306,0,-0.03655900061130524,0.9726740121841431,-0.22927699983119965,0,0.15805600583553314,0.23217099905014038,0.9597470164299011,0,0,1.2810050249099731,0,1,0.9983100295066833,0.05489899963140488,-0.019075000658631325,0,-0.009096000343561172,0.4717560112476349,0.8816819787025452,0,0.057401999831199646,-0.8800179958343506,0.47145798802375793,0,0,1.3930740356445312,0,1,0.9999179840087891,0.0017310000257566571,0.0126740001142025,0,-0.010057000443339348,0.7186880111694336,0.6952599883079529,0,-0.007904999889433384,-0.6953309774398804,0.7186459898948669,0,0,0.44698598980903625,0,1
K0.033,0.9939690232276917,-0.05685298889875412,0.09376799315214157,0,0.06258898228406906,0.9962700009346008,-0.059404999017715454,0,-0.09004098922014236,0.0649150013923645,0.9938200116157532,0,0.01606900431215763,3.0885140895843506,-0.04721398279070854,1,0.9985650181770325,0.04781299829483032,-0.02413400076329708,0,-0.045837000012397766,0.9960029721260071,0.07666199654340744,0,0.027703000232577324,-0.0754460021853447,0.9967650175094604,0,0,0.3405719995498657,0.006136999931186438,1,0.9996070265769958,0.027421003207564354,-0.005872000008821487,0,-0.02729700319468975,0.9994230270385742,0.020229000598192215,0,0.006422999780625105,-0.02006099931895733,0.9997779726982117,0,0,0.39739900827407837,0,1,0.9996029734611511,0.027473004534840584,-0.006260999944061041,0,-0.027344003319740295,0.9994300007820129,0.019787000492215157,0,0.006800999864935875,-0.01960800029337406,0.9997850060462952,0,0,0.45416998863220215,0,1,0.9999619722366333,0.00840800441801548,0.0022260008845478296,0,-0.00855900440365076,0.9967589974403381,0.07999499887228012,0,-0.0015460007125511765,-0.08001100271940231,0.9967929720878601,0,0,0.5109410285949707,0,1,0.9997329711914062,-0.0032879908103495836,-0.02286899834871292,0,0.00023199124552775174,0.9911969900131226,-0.1323930025100708,0,0.02310299687087536,0.13235299289226532,0.9909330010414124,0,0,0.25516700744628906,0.05134100094437599,1,0.31068798899650574,0.01532800029963255,-0.9503880143165588,0,0.8128010034561157,-0.5226479768753052,0.25727999210357666,0,-0.49277499318122864,-0.8524109721183777,-0.17483900487422943,0,0.29218900203704834,0.43046900629997253,0.002019000006839633,1,0.9290840029716492,0.3240549862384796,-0.1783040165901184,0,-0.06438897550106049,0.6164159774780273,0.7847830057144165,0,0.3642220199108124,-0.7176480293273926,0.5935680270195007,0,0,0.5462509989738464,0,1,0.9997429847717285,0.022690996527671814,-0.00021899997955188155,0,-0.022690996527671814,0.9997419714927673,-0.0007749999058432877,0,0.0002010000025620684,0.0007799998857080936,1,0,0,0.74058598279953,0,1,0.8192399740219116,-0.13609300553798676,0.5570679903030396,0,0.036632996052503586,0.9818670153617859,0.18599900603294373,0,-0.5722799897193909,-0.13197100162506104,0.8093699812889099,0,0,0.5798069834709167,0,1,0.9009280204772949,0.4339590072631836,-0.0028330013155937195,0,-0.4037890136241913,0.8406509757041931,0.36091598868370056,0,0.15900400280952454,-0.3240160048007965,0.9325940012931824,0,-0.07745599746704102,0.10966599732637405,0.055188000202178955,1,0.9250850081443787,-0.37026000022888184,-0.084415003657341,0,0.3399440050125122,0.9064610004425049,-0.2505339980125427,0,0.169281005859375,0.20306900143623352,0.9644200205802917,0,-0.01920199953019619,0.1145310029387474,0,1,0.9529150128364563,0.28057199716567993,0.1150280013680458,0,-0.24000999331474304,0.9296960234642029,-0.2793929874897003,0,-0.18533200025558472,0.2386299967765808,0.9532619714736938,0,-0.0011739999754354358,0.10552600026130676,0,1,0.984470009803772,0.17554500699043274,0.0017780009657144547,0,-0.1747020035982132,0.9786419868469238,0.10834699869155884,0,0.01727999933063984,-0.1069749966263771,0.9941120147705078,0,-0.13315099477767944,0.2904280126094818,-0.0026030000299215317,1,0.9993929862976074,-0.03440399840474129,-0.00545499986037612,0,0.03446299955248833,0.9537349939346313,0.2986679971218109,0,-0.005073000211268663,-0.29867398738861084,0.9543420076370239,0,0.00004400000034365803,0.09230999648571014,0,1,0.9999499917030334,-0.009947000071406364,-0.0005770000861957669,0,0.009929999709129333,0.9900869727134705,0.14010100066661835,0,-0.0008219999726861715,-0.14010000228881836,0.990136981010437,0,-0.00019799999427050352,0.0896650031208992,0,1,0.9937220215797424,0.11134299635887146,0.010923000052571297,0,-0.11057599633932114,0.9626179933547974,0.24726399779319763,0,0.01701599918305874,-0.24692000448703766,0.9688860177993774,0,-0.04796700179576874,0.2971610128879547,-0.0073090000078082085,1,0.9993739724159241,-0.034977998584508896,-0.005226000212132931,0,0.03494099900126457,0.9536880254745483,0.29875999689102173,0,-0.00546600017696619,-0.2987549901008606,0.9543139934539795,0,0.000058000001445179805,0.10977999866008759,0,1,0.9992930293083191,-0.037105999886989594,-0.006126000080257654,0,0.037144001573324203,0.94821697473526,0.3154439926147461,0,-0.005896000191569328,-0.3154489994049072,0.9489240050315857,0,0.000022000000171829015,0.10393299907445908,0,1,0.9955549836158752,0.09402599930763245,0.00544800003990531,0,-0.09033899754285812,0.936959981918335,0.33755698800086975,0,0.026635000482201576,-0.3365490138530731,0.9412890076637268,0,0.04982500150799751,0.30143800377845764,-0.0035570000763982534,1,0.9990890026092529,-0.04196000099182129,-0.00773600023239851,0,0.04196399822831154,0.9335539937019348,0.35597100853919983,0,-0.0077149998396635056,-0.35597100853919983,0.9344649910926819,0,0.00007400000322377309,0.09521199762821198,0,1,0.9994369745254517,-0.03309699892997742,-0.0054270001128315926,0,0.03316999971866608,0.9514709711074829,0.3059450089931488,0,-0.00496299983933568,-0.3059529960155487,0.9520339965820312,0,-0.00011500000255182385,0.08806899935007095,0,1,0.998242974281311,0.05866199731826782,-0.008330000564455986,0,-0.04928499460220337,0.9001399874687195,0.43280500173568726,0,0.03288700059056282,-0.43163400888442993,0.9014490246772766,0,0.13129399716854095,0.2804589867591858,-0.0038419999182224274,1,0.9994300007820129,-0.03337699919939041,-0.0051020001992583275,0,0.03337699919939041,0.9537680149078369,0.2986840009689331,0,-0.005102999974042177,-0.2986840009689331,0.954338014125824,0,0.000048999998398358,0.06959400326013565,0,1,0.9994869828224182,-0.03170099854469299,-0.004592000041157007,0,0.03170099854469299,0.9583920240402222,0.2836900055408478,0,-0.004592000041157007,-0.2836900055408478,0.9589049816131592,0,-0.000015999999959603883,0.05757899954915047,0,1,0.272258996963501,-0.018675997853279114,0.9620429873466492,0,-0.8008779883384705,-0.5585899949073792,0.21580499410629272,0,0.5333570241928101,-0.8292340040206909,-0.1670379936695099,0,-0.29218900203704834,0.4304490089416504,0.0008820000221021473,1,0.8504390120506287,-0.3909960091114044,0.35196003317832947,0,0.05116598680615425,0.7273349761962891,0.6843720078468323,0,-0.5235790014266968,-0.5640090107917786,0.6385599970817566,0,0,0.5462509989738464,0,1,0.993261992931366,-0.11588600277900696,0.0007319999858736992,0,0.11588799953460693,0.9932540059089661,-0.003971000202000141,0,-0.00026599998818710446,0.004029000177979469,0.9999920129776001,0,0,0.7406920194625854,0,1,0.9283530116081238,0.14352601766586304,-0.3428719639778137,0,-0.08533000946044922,0.9800990223884583,0.17923302948474884,0,0.3617739677429199,-0.13713403046131134,0.922124981880188,0,0,0.5796729922294617,0,1,0.8849959969520569,-0.4653930068016052,-0.013852997682988644,0,0.4380050003528595,0.8220869898796082,0.3637639880180359,0,-0.1579049974679947,-0.32799699902534485,0.9313880205154419,0,0.08036299794912338,0.11533699929714203,0.05984799936413765,1,0.9052039980888367,0.4168129861354828,0.08290000259876251,0,-0.3907899856567383,0.8930490016937256,-0.22303800284862518,0,-0.1669989973306656,0.1694979965686798,0.9712780117988586,0,0.01828099973499775,0.12085200101137161,0,1,0.9840869903564453,-0.15081900358200073,-0.09394799917936325,0,0.11209399998188019,0.9371839761734009,-0.3303360044956207,0,0.1378680020570755,0.31454798579216003,0.9391760230064392,0,-0.00355300004594028,0.10638000071048737,0,1,0.9873870015144348,-0.15831400454044342,-0.0017209997167810798,0,0.1576790064573288,0.9823269844055176,0.1008479967713356,0,-0.014275000430643559,-0.09984800219535828,0.9948999881744385,0,0.13586999475955963,0.30501899123191833,-0.0039450000040233135,1,0.9997349977493286,0.022718999534845352,0.0036080002319067717,0,-0.022753000259399414,0.9535710215568542,0.3003059923648834,0,0.003383000148460269,-0.3003090023994446,0.9538360238075256,0,-0.00004600000102072954,0.09388499706983566,0,1,0.9999709725379944,0.007567001041024923,0.00048800010699778795,0,-0.007560000754892826,0.9899449944496155,0.14125001430511475,0,0.0005860000965185463,-0.14124901592731476,0.9899740219116211,0,0.00011500000255182385,0.0881590023636818,0,1,0.99480801820755,-0.10165800154209137,-0.004871000535786152,0,0.0997840017080307,0.9648129940032959,0.2432669997215271,0,-0.020029999315738678,-0.2424899935722351,0.9699469804763794,0,0.04127399995923042,0.3024280071258545,-0.00482300017029047,1,0.9997339844703674,0.022849999368190765,0.003286000108346343,0,-0.022784000262618065,0.9537789821624756,0.29964300990104675,0,0.003713000100106001,-0.2996380031108856,0.9540460109710693,0,-0.00016599999798927456,0.11099299788475037,0,1,0.9996939897537231,0.02436700090765953,0.004226999823004007,0,-0.024452000856399536,0.948311984539032,0.31639599800109863,0,0.0037010000087320805,-0.31640198826789856,0.9486179947853088,0,-0.000003999999989900971,0.10498099774122238,0,1,0.9962059855461121,-0.08698300272226334,-0.002614000579342246,0,0.08287599682807922,0.939145028591156,0.3333730101585388,0,-0.02654300071299076,-0.3323250114917755,0.9427909851074219,0,-0.048353999853134155,0.31809601187705994,-0.004681999795138836,1,0.9995819926261902,0.028396999463438988,0.005390999838709831,0,-0.028447000309824944,0.933443009853363,0.3575949966907501,0,0.005121999885886908,-0.3575989902019501,0.9338610172271729,0,-0.00006600000051548705,0.09055499732494354,0,1,0.9998329877853394,0.018011000007390976,0.003020999953150749,0,-0.01806800067424774,0.9514089822769165,0.30740100145339966,0,0.002662000013515353,-0.3074040114879608,0.951574981212616,0,0.00020500000391621143,0.08966799825429916,0,1,0.9983199834823608,-0.05652499943971634,0.012758000753819942,0,0.04556199908256531,0.901727020740509,0.4298990070819855,0,-0.03580399975180626,-0.42859500646591187,0.9027870297431946,0,-0.1287900060415268,0.2949860095977783,0.00043200000072829425,1,0.9997919797897339,0.02013299986720085,0.0031079999171197414,0,-0.02013299986720085,0.9532560110092163,0.30149298906326294,0,0.0031079999171197414,-0.30149298906326294,0.9534630179405212,0,0.000014000000192027073,0.06775300204753876,0,1,0.9998130202293396,0.019128000363707542,0.0027989998925477266,0,-0.019128000363707542,0.9579049944877625,0.2864469885826111,0,0.0027989998925477266,-0.2864469885826111,0.9580919742584229,0,-0.000022000000171829015,0.05780699849128723,0,1,-0.9424909949302673,-0.16854199767112732,0.288625031709671,0,0.22168900072574615,-0.9614899754524231,0.1624550223350525,0,0.2501300275325775,0.21709801256656647,0.9435589909553528,0,0.2857249975204468,-0.18941399455070496,0.04547400027513504,1,0.9997280240058899,-0.003944032825529575,0.02297697775065899,0,0.011401024647057056,0.9423969984054565,-0.33430206775665283,0,-0.020334966480731964,0.3344730734825134,0.9421859979629517,0,0,1.2810159921646118,0,1,0.9932439923286438,-0.11604097485542297,0.0006279982044361532,0,0.06083898991346359,0.5253389477729797,0.8487150073051453,0,-0.09881498664617538,-0.842943012714386,0.5288499593734741,0,0,1.3940869569778442,0,1,0.999925971031189,-0.0012110000243410468,-0.012071999721229076,0,0.008808000013232231,0.7567780017852783,0.6536129713058472,0,0.008345000445842743,-0.6536710262298584,0.7567330002784729,0,0,0.45636001229286194,0,1,-0.9833449721336365,-0.012582984752953053,-0.18131500482559204,0,0.01033997442573309,-0.999858021736145,0.01331405434757471,0,-0.18145699799060822,0.011218057945370674,0.983335018157959,0,-0.2857249975204468,-0.18941399455070496,0.04634400084614754,1,0.9864590167999268,-0.0037830222863703966,-0.16396301984786987,0,-0.03623099997639656,0.9700080156326294,-0.24035809934139252,0,0.1599550098180771,0.24304410815238953,0.9567360281944275,0,0,1.2810050249099731,0,1,0.9982330203056335,0.05673101544380188,-0.01768398843705654,0,-0.010845012962818146,0.4665249288082123,0.8844410181045532,0,0.058426011353731155,-0.882686972618103,0.46631595492362976,0,0,1.3930740356445312,0,1,0.9999179840087891,0.0017330000409856439,0.012675999663770199,0,-0.010060999542474747,0.7186020016670227,0.6953480243682861,0,-0.007903999648988247,-0.6954190135002136,0.7185609936714172,0,0,0.44698598980903625,0,1
