#MESH MODEL
meshes/FloorMesh.obj 1.0,0.0,0.0,0.0,0.0,1.0,0.0,0.0,0.0,0.0,1.0,0.0,3.96121,0.0,0.44933,1.0
meshes/WallLogMesh.obj 0.70711,0.0,0.70711,0.0,0.0,1.0,0.0,0.0,-0.70711,0.0,0.70711,0.0,155.80533,0.45014,-159.30367,1.0
meshes/WallLogMesh.obj 0.0,0.0,1.0,0.0,0.0,1.0,0.0,0.0,-1.0,0.0,0.0,0.0,223.31018,0.45014,3.12991,1.0
meshes/WallLogMesh.obj 1.0,0.0,0.0,0.0,0.0,1.0,0.0,0.0,0.0,0.0,1.0,0.0,-4.51871,0.45014,-227.8633,1.0
meshes/WallLogMesh.obj 0.70711,0.0,-0.70711,0.0,0.0,1.0,0.0,0.0,0.70711,0.0,0.70711,0.0,-164.84274,0.45014,-162.46796,1.0
meshes/WallLogMesh.obj 0.0,0.0,-1.0,0.0,0.0,1.0,0.0,0.0,1.0,0.0,0.0,0.0,-231.29288,0.45014,-2.14391,1.0
meshes/WallLogMesh.obj -0.70629,0.0,-0.70792,0.0,0.0,1.0,0.0,0.0,0.70792,0.0,-0.70629,0.0,-165.89752,0.45014,159.23488,1.0
meshes/WallLogMesh.obj -0.70711,0.0,0.70711,0.0,0.0,1.0,0.0,0.0,-0.70711,0.0,-0.70711,0.0,160.0244,0.45014,164.50871,1.0
meshes/WallLogMesh.obj -1.0,0.0,0.0,0.0,0.0,1.0,0.0,0.0,-0.0,0.0,-1.0,0.0,-8.73776,0.45014,225.68498,1.0
meshes/WallEndingMesh.obj 0.70711,0.0,0.70711,0.0,0.0,1.0,0.0,0.0,-0.70711,0.0,0.70711,0.0,155.80533,0.45014,-159.30367,1.0
meshes/WallEndingMesh.obj 0.0,0.0,1.0,0.0,0.0,1.0,0.0,0.0,-1.0,0.0,0.0,0.0,223.31018,0.45014,3.12991,1.0
meshes/WallEndingMesh.obj 1.0,0.0,0.0,0.0,0.0,1.0,0.0,0.0,0.0,0.0,1.0,0.0,-4.51871,0.45014,-227.8633,1.0
meshes/WallEndingMesh.obj 0.70711,0.0,-0.70711,0.0,0.0,1.0,0.0,0.0,0.70711,0.0,0.70711,0.0,-164.84274,0.45014,-162.46796,1.0
meshes/WallEndingMesh.obj 0.0,0.0,-1.0,0.0,0.0,1.0,0.0,0.0,1.0,0.0,0.0,0.0,-231.29288,0.45014,-2.14391,1.0
meshes/WallEndingMesh.obj -0.70629,0.0,-0.70792,0.0,0.0,1.0,0.0,0.0,0.70792,0.0,-0.70629,0.0,-165.89752,0.45014,159.23488,1.0
meshes/WallEndingMesh.obj -0.70711,0.0,0.70711,0.0,0.0,1.0,0.0,0.0,-0.70711,0.0,-0.70711,0.0,160.0244,0.45014,164.50871,1.0
meshes/WallEndingMesh.obj -1.0,0.0,0.0,0.0,0.0,1.0,0.0,0.0,-0.0,0.0,-1.0,0.0,-8.73776,0.45014,225.68498,1.0
meshes/House1.obj -0.0,0.0,1.0,0.0,0.0,1.0,0.0,0.0,-1.0,0.0,-0.0,0.0,-6.59593,0.0,30.44075,1.0
meshes/House1.obj -0.0,0.0,-1.0,0.0,0.0,1.0,0.0,0.0,1.0,0.0,-0.0,0.0,-64.55238,0.0,-85.47213,1.0
meshes/House2.obj 1.0,0.0,0.0,0.0,0.0,1.0,0.0,0.0,0.0,0.0,1.0,0.0,-57.53805,-0.32824,-51.42179,1.0
meshes/House2.obj -0.0,0.0,-1.0,0.0,0.0,1.0,0.0,0.0,1.0,0.0,-0.0,0.0,-56.94056,-0.32824,-19.45612,1.0
meshes/House3.obj 1.0,0.0,0.0,0.0,0.0,1.0,0.0,0.0,0.0,0.0,1.0,0.0,13.79317,0.0,-10.38139,1.0
meshes/House3.obj 1.0,0.0,0.0,0.0,0.0,1.0,0.0,0.0,0.0,0.0,1.0,0.0,-69.66415,0.0,21.45285,1.0
meshes/House3.obj 1.0,0.0,0.0,0.0,0.0,1.0,0.0,0.0,0.0,0.0,1.0,0.0,-169.89896,0.0,42.53227,1.0
meshes/House1.obj -0.0,0.0,-1.0,0.0,0.0,1.0,0.0,0.0,1.0,0.0,-0.0,0.0,-164.78722,0.0,3.1475,1.0
meshes/House1.obj -0.0,0.0,-1.0,0.0,0.0,1.0,0.0,0.0,1.0,0.0,-0.0,0.0,-164.35703,0.0,-56.21905,1.0
meshes/House2.obj -0.0,0.0,1.0,0.0,0.0,1.0,0.0,0.0,-1.0,0.0,-0.0,0.0,-157.60558,-0.32824,-29.35054,1.0
meshes/House2.obj -0.0,0.0,1.0,0.0,0.0,1.0,0.0,0.0,-1.0,0.0,-0.0,0.0,-157.17538,-0.32824,-92.58882,1.0
meshes/House2.obj -0.0,0.0,1.0,0.0,0.0,1.0,0.0,0.0,-1.0,0.0,-0.0,0.0,-156.74519,-0.32824,-125.28344,1.0
meshes/House3.obj -0.0,0.0,-1.0,0.0,0.0,1.0,0.0,0.0,1.0,0.0,-0.0,0.0,31.86126,0.0,164.70689,1.0
meshes/House1.obj -0.96776,0.0,-0.25186,0.0,0.0,1.0,0.0,0.0,0.25186,0.0,-0.96776,0.0,-138.54549,0.0,98.22,1.0
meshes/House1.obj -1.0,0.0,0.0,0.0,0.0,1.0,0.0,0.0,-0.0,0.0,-1.0,0.0,-92.08471,0.0,101.66154,1.0
meshes/House1.obj -1.0,0.0,0.0,0.0,0.0,1.0,0.0,0.0,-0.0,0.0,-1.0,0.0,-58.09951,0.0,101.66154,1.0
meshes/House1.obj -1.0,0.0,0.0,0.0,0.0,1.0,0.0,0.0,-0.0,0.0,-1.0,0.0,-24.9747,0.0,101.66154,1.0
meshes/House1.obj -0.0,0.0,-1.0,0.0,0.0,1.0,0.0,0.0,1.0,0.0,-0.0,0.0,33.96166,0.0,116.28808,1.0
meshes/House1.obj -0.0,0.0,1.0,0.0,0.0,1.0,0.0,0.0,-1.0,0.0,-0.0,0.0,74.03727,0.0,55.17886,1.0
meshes/House1.obj -1.0,0.0,0.00226,0.0,0.0,1.0,0.0,0.0,-0.00226,0.0,-1.0,0.0,68.16196,0.0,23.46214,1.0
meshes/House1.obj -0.0,0.0,1.0,0.0,0.0,1.0,0.0,0.0,-1.0,0.0,-0.0,0.0,112.97365,0.0,4.34248,1.0
meshes/House1.obj -0.0,0.0,1.0,0.0,0.0,1.0,0.0,0.0,-1.0,0.0,-0.0,0.0,133.88577,0.0,53.68513,1.0
meshes/House1.obj 1.0,0.0,0.0,0.0,0.0,1.0,0.0,0.0,0.0,0.0,1.0,0.0,144.541,0.0,21.71946,1.0
meshes/House2.obj 1.0,0.0,0.0,0.0,0.0,1.0,0.0,0.0,0.0,0.0,1.0,0.0,-16.23959,-0.32824,159.71658,1.0
meshes/House1.obj -0.58564,0.0,0.81057,0.0,0.0,1.0,0.0,0.0,-0.81057,0.0,-0.58564,0.0,29.2295,0.0,-93.3016,1.0
meshes/House1.obj 1.0,0.0,0.0,0.0,0.0,1.0,0.0,0.0,0.0,0.0,1.0,0.0,-79.0873,0.0,-177.08675,1.0
meshes/House2.obj -0.0,0.0,1.0,0.0,0.0,1.0,0.0,0.0,-1.0,0.0,-0.0,0.0,-2.3922,-0.32824,-187.74736,1.0
meshes/House2.obj 1.0,0.0,0.0,0.0,0.0,1.0,0.0,0.0,0.0,0.0,1.0,0.0,-76.12236,-0.32824,-127.30771,1.0
meshes/House2.obj 1.0,0.0,0.0,0.0,0.0,1.0,0.0,0.0,0.0,0.0,1.0,0.0,-47.21344,-0.32824,-126.79148,1.0
meshes/House1.obj -0.0,0.0,-1.0,0.0,0.0,1.0,0.0,0.0,1.0,0.0,-0.0,0.0,-4.15339,0.0,-123.6732,1.0
meshes/House2.obj -0.0,0.0,-1.0,0.0,0.0,1.0,0.0,0.0,1.0,0.0,-0.0,0.0,183.96709,-0.32824,-46.30014,1.0
meshes/House2.obj -0.0,0.0,-1.0,0.0,0.0,1.0,0.0,0.0,1.0,0.0,-0.0,0.0,183.96709,-0.32824,-6.55038,1.0
meshes/House2.obj -0.0,0.0,-1.0,0.0,0.0,1.0,0.0,0.0,1.0,0.0,-0.0,0.0,184.99954,-0.32824,53.33239,1.0
meshes/House1.obj -1.0,0.0,0.00226,0.0,0.0,1.0,0.0,0.0,-0.00226,0.0,-1.0,0.0,187.41125,0.0,93.66951,1.0
meshes/House1.obj -1.0,0.0,0.00226,0.0,0.0,1.0,0.0,0.0,-0.00226,0.0,-1.0,0.0,116.68764,0.0,161.29575,1.0
meshes/House2.obj 0.70711,0.0,0.70711,0.0,0.0,1.0,0.0,0.0,-0.70711,0.0,0.70711,0.0,64.2924,-0.32824,-108.7234,1.0
meshes/House2.obj 0.70711,0.0,0.70711,0.0,0.0,1.0,0.0,0.0,-0.70711,0.0,0.70711,0.0,85.45786,-0.32824,-87.04172,1.0
meshes/House1.obj -0.69064,0.0,0.7232,0.0,0.0,1.0,0.0,0.0,-0.7232,0.0,-0.69064,0.0,146.41389,0.0,-87.62305,1.0
